   3   1   1
  0.787878440037E+01  0.578581344776E+00  0.000000000000E+00
  0.000000000000E+00  0.606000000000E+01  0.000000000000E+00
 -0.592670061426E+01 -0.330132955504E+01  0.145015703632E+02
    1
  0.100000000000E+01  0.000000000000E+00  0.135337788279E-17
 -0.258481892902E-17  0.100000000000E+01 -0.223733260546E-17
  0.000000000000E+00  0.000000000000E+00  0.100000000000E+01
  0.000000000000E+00  0.000000000000E+00  0.000000000000E+00
   72
    6     -1.467332287751     -1.027948435053      6.060095252840
    1     -1.545060232888     -0.811150004354      7.120482291929
    6     -0.916636450195     -0.110229910353      5.219616839423
    6     -1.946383695680     -2.276497242874      5.560686245106
    1     -0.567831725593      0.846412791778      5.589720936263
    6     -0.801484434697     -0.371188763896      3.814696889758
    1     -2.383297582727     -2.995970136299      6.243448827096
    6     -1.861778183245     -2.568609260349      4.233812576031
    6     -0.234852876759      0.538861186213      2.938307916031
    6     -1.292155370582     -1.635860187182      3.309062904982
    1     -2.224555301038     -3.514329247693      3.855573860304
    1      0.145079458412      1.479534312499      3.318328584803
    6     -0.140295216245      0.274873312960      1.554124695938
    6     -1.202270659486     -1.909989002666      1.954038576094
    6      0.425703403196      1.188426428580      0.660045354733
    6     -0.639999590838     -0.988052990005      1.047008860439
    1     -1.567534280644     -2.856827576254      1.577255042129
    1      0.804420581608      2.130104389629      1.036470459822
    6      0.514571766586      0.919586269761     -0.709282476250
    6     -0.547351073722     -1.258586901276     -0.321446778428
    6      1.083411733049      1.837186731447     -1.617386714101
    6      0.016933341932     -0.344587691838     -1.215943682919
    1     -0.916351547712     -2.204958412687     -0.698860753448
    1      1.455645451083      2.781933897208     -1.239620897004
    6      1.175990700727      1.562420598060     -2.969512721672
    6      0.124279896608     -0.613782312191     -2.596300245441
    6      1.749326847202      2.491850418904     -3.896018103837
    6      0.689325366839      0.294917201860     -3.474518779773
    1     -0.242055470339     -1.560745009644     -2.973709706056
    1      2.119091555678      3.435916575442     -3.515521942690
    6      1.828541174858      2.201215294692     -5.220930117202
    6      0.813289971841      0.028205018957     -4.876206579826
    1      2.265073995223      2.918108790583     -5.907089002216
    6      1.356438422072      0.947359174612     -5.719130657017
    1      0.467189681423     -0.930287114352     -5.244411981201
    1      1.440613041640      0.733042720311     -6.776253043944
    6      2.133447864661      2.549632640945      5.615992004227
    1      1.675997857067      2.808390116272      6.563652692482
    6      2.077834217883      3.422815949691      4.574748676349
    6      2.799409302332      1.291730671228      5.478550739384
    1      1.581473504762      4.379728535102      4.684825756888
    6      2.682299957598      3.105857995361      3.315359111438
    1      2.841892043074      0.618018863778      6.327568096055
    6      3.382575250742      0.944032749712      4.301352878169
    6      2.660084096105      3.982524436067      2.246357059240
    6      3.351443013584      1.826938196993      3.173954756754
    1      3.892322338661     -0.006362364431      4.200281159860
    1      2.164509818099      4.939732480218      2.354433175804
    6      3.285661904669      3.675619881235      1.020290415392
    6      3.962923497086      1.509044577738      1.975504197998
    6      3.288987924091      4.567021790765     -0.054634564068
    6      3.959843609745      2.398931878583      0.880925441098
    1      4.473000931054      0.558408430680      1.873963033093
    1      2.788200757166      5.521710260486      0.051301685090
    6      3.936940137343      4.268727283058     -1.257846124496
    6      4.606567603030      2.098590075081     -0.320384140980
    6      3.957341457989      5.171124900604     -2.343031923101
    6      4.617803289145      2.996352532887     -1.393899077542
    1      5.120288730548      1.150237436870     -0.421568260500
    1      3.451352694288      6.123309169518     -2.240648913642
    6      4.617401779775      4.873968062825     -3.525440126688
    6      5.287189340750      2.708092445328     -2.602859648062
    6      4.655451729707      5.790380895411     -4.627501941834
    6      5.302029004526      3.605730351684     -3.658113338215
    1      5.805129961486      1.761768140230     -2.702238909210
    1      4.136718969588      6.735020250576     -4.528522965440
    6      5.333571538175      5.484445066678     -5.767840806371
    6      5.992311153641      3.325882371765     -4.883055729253
    1      5.364095421299      6.192231886989     -6.588672570014
    6      6.011145802185      4.235171297038     -5.896384789035
    1      6.505264835848      2.378055343064     -4.984029023535
    1      6.542169987610      4.006640665891     -6.814175014392
    0    0
