   3   1   1
  0.787878440037E+01  0.578581344776E+00  0.000000000000E+00
  0.000000000000E+00  0.606000000000E+01  0.000000000000E+00
 -0.592670061426E+01 -0.330132955504E+01  0.145015703632E+02
    2
  0.100000000000E+01  0.000000000000E+00  0.135337788279E-17
 -0.258481892902E-17  0.100000000000E+01 -0.223733260546E-17
  0.000000000000E+00  0.000000000000E+00  0.100000000000E+01
  0.000000000000E+00  0.000000000000E+00  0.000000000000E+00
 -0.100000000000E+01  0.000000000000E+00 -0.135337788279E-17
  0.258481892902E-17 -0.100000000000E+01  0.223733260546E-17
  0.000000000000E+00  0.000000000000E+00 -0.100000000000E+01
  0.000000000000E+00  0.000000000000E+00  0.000000000000E+00
   72
    6     -1.409168097450     -0.982958446982      5.888506390264
    1     -1.488681943179     -0.763874905786      6.946602488508
    6     -0.862030107081     -0.068966610334      5.042749912498
    6     -1.886696834109     -2.234887689419      5.393423763833
    1     -0.512583370395      0.889848610794      5.406814137951
    6     -0.745796622135     -0.338286049048      3.640847326921
    1     -2.323765714943     -2.950236723329      6.080689865748
    6     -1.806371260253     -2.532006890959      4.068325747891
    6     -0.181331887174      0.571336676025      2.764067062035
    6     -1.235412154607     -1.604829574263      3.137796128150
    1     -2.174310360762     -3.478274740961      3.694087095425
    1      0.191121401895      1.515147029727      3.143408619951
    6     -0.080440293880      0.305723613904      1.382776035022
    6     -1.144764975532     -1.879161032465      1.783686961601
    6      0.485644289772      1.223227865133      0.492711284751
    6     -0.578842608409     -0.958101354015      0.876439079871
    1     -1.513611872361     -2.824511227785      1.405572345302
    1      0.857915329211      2.165812428414      0.874841222204
    6      0.578842608409      0.958101354015     -0.876439079871
    6     -0.485644289772     -1.223227865133     -0.492711284751
    6      1.144764975532      1.879161032465     -1.783686961601
    6      0.080440293880     -0.305723613904     -1.382776035022
    1     -0.857915329211     -2.165812428414     -0.874841222204
    1      1.513611872361      2.824511227785     -1.405572345302
    6      1.235412154607      1.604829574263     -3.137796128150
    6      0.181331887174     -0.571336676025     -2.764067062035
    6      1.806371260253      2.532006890959     -4.068325747891
    6      0.745796622135      0.338286049048     -3.640847326921
    1     -0.191121401895     -1.515147029727     -3.143408619951
    1      2.174310360762      3.478274740961     -3.694087095425
    6      1.886696834109      2.234887689419     -5.393423763833
    6      0.862030107081      0.068966610334     -5.042749912498
    1      2.323765714943      2.950236723329     -6.080689865748
    6      1.409168097450      0.982958446982     -5.888506390264
    1      0.512583370395     -0.889848610794     -5.406814137951
    1      1.488681943179      0.763874905786     -6.946602488508
    6      2.007272149726      2.457545552694      5.762453565600
    1      1.516735941278      2.687885563548      6.700824899850
    6      1.977137041431      3.365252742764      4.747508788447
    6      2.682099703428      1.207457060379      5.613803365382
    1      1.466928216851      4.312354478608      4.873832485182
    6      2.617678035854      3.088656251651      3.494150972302
    1      2.694456665261      0.506298550898      6.439742158399
    6      3.306804524705      0.902055427868      4.447624634981
    6      2.612779149537      3.976601163394      2.429388301982
    6      3.297435739214      1.817430362397      3.347944363831
    1      3.826293878379     -0.040533748339      4.327234852423
    1      2.105197886217      4.928388545529      2.529886605049
    6      3.263230255311      3.675338890555      1.209751544404
    6      3.932149824573      1.510399801296      2.159516809780
    6      3.281811769607      4.554993788811      0.124636039408
    6      3.942391774913      2.401741324840      1.070550047074
    1      4.439606623011      0.558242695107      2.060327390776
    1      2.779884736233      5.511673837631      0.207406350403
    6      3.936392625455      4.236840019936     -1.070550047074
    6      4.596972630761      2.083587555965     -0.124636039408
    6      3.946634575795      5.128181543480     -2.159516809780
    6      4.615554145057      2.963242454221     -1.209751544404
    1      5.098899664134      1.126907507146     -0.207406350403
    1      3.439177777357      6.080338649669     -2.060327390776
    6      4.581348661154      4.821150982379     -3.347944363831
    6      5.266005250831      2.661980181383     -2.429388301982
    6      4.571979875662      5.736525916908     -4.447624634981
    6      5.261106364514      3.549925093125     -3.494150972302
    1      5.773586514151      1.710192799247     -2.529886605049
    1      4.052490521989      6.679115093115     -4.327234852423
    6      5.196684696939      5.431124284397     -5.613803365382
    6      5.901647358936      3.273328602012     -4.747508788447
    1      5.184327735107      6.132282793878     -6.439742158399
    6      5.871512250642      4.181035792082     -5.762453565600
    1      6.411856183517      2.326226866168     -4.873832485182
    1      6.362048459090      3.950695781228     -6.700824899850
    2    2
