   3   1   1
  0.787878440037E+01  0.578581344776E+00  0.000000000000E+00
  0.000000000000E+00  0.606000000000E+01  0.000000000000E+00
 -0.592670061426E+01 -0.330132955504E+01  0.145015703632E+02
    2
  0.100000000000E+01  0.000000000000E+00  0.135337788279E-17
 -0.258481892902E-17  0.100000000000E+01 -0.223733260546E-17
  0.000000000000E+00  0.000000000000E+00  0.100000000000E+01
  0.000000000000E+00  0.000000000000E+00  0.000000000000E+00
 -0.100000000000E+01  0.000000000000E+00 -0.135337788279E-17
  0.258481892902E-17 -0.100000000000E+01  0.223733260546E-17
  0.000000000000E+00  0.000000000000E+00 -0.100000000000E+01
  0.000000000000E+00  0.000000000000E+00  0.000000000000E+00
   72
    6     -1.337352251908     -0.796394153996      5.936980121038
    1     -1.414098248389     -0.546013908472      6.988501454405
    6     -0.796263694923      0.092847641770      5.059626769098
    6     -1.812407670152     -2.067861869290      5.485460516617
    1     -0.448259947778      1.064233135718      5.393613436453
    6     -0.687642624254     -0.219179433900      3.665750803435
    1     -2.245167299362     -2.761450337608      6.199759862341
    6     -1.737916825842     -2.406888995917      4.169310062453
    6     -0.138380432302      0.663616379328      2.750589284052
    6     -1.176474718493     -1.505698016407      3.208119656786
    1     -2.105885992810     -3.366539074720      3.824310098785
    1      0.234209178964      1.622922488022      3.092546487959
    6     -0.056577874154      0.353338116306      1.376247496631
    6     -1.100690389416     -1.824276958717      1.863071343905
    6      0.485881249604      1.242292301616      0.443417636870
    6     -0.554900181221     -0.931114153743      0.917628446601
    1     -1.470664385266     -2.784510368456      1.521442147357
    1      0.860211007297      2.200901210793      0.784554401549
    6      0.554900181221      0.931114153743     -0.917628446601
    6     -0.485881249604     -1.242292301616     -0.443417636870
    6      1.100690389416      1.824276958717     -1.863071343905
    6      0.056577874154     -0.353338116306     -1.376247496631
    1     -0.860211007297     -2.200901210793     -0.784554401549
    1      1.470664385266      2.784510368456     -1.521442147357
    6      1.176474718493      1.505698016407     -3.208119656786
    6      0.138380432302     -0.663616379328     -2.750589284052
    6      1.737916825842      2.406888995917     -4.169310062453
    6      0.687642624254      0.219179433900     -3.665750803435
    1     -0.234209178964     -1.622922488022     -3.092546487959
    1      2.105885992810      3.366539074720     -3.824310098785
    6      1.812407670152      2.067861869290     -5.485460516617
    6      0.796263694923     -0.092847641770     -5.059626769098
    1      2.245167299362      2.761450337608     -6.199759862341
    6      1.337352251908      0.796394153996     -5.936980121038
    1      0.448259947778     -1.064233135718     -5.393613436453
    1      1.414098248389      0.546013908472     -6.988501454405
    6      2.025589465445      2.433660691481      5.754605130988
    1      1.514032106487      2.659484612660      6.682326126177
    6      2.021028186640      3.342754403902      4.743047821554
    6      2.703962982971      1.184466899587      5.612313424226
    1      1.512408392383      4.292311771073      4.857200634041
    6      2.679292543063      3.062702672644      3.503201706149
    1      2.696469765483      0.478564585585      6.434278499024
    6      3.353781433111      0.879969520362      4.458757971322
    6      2.664217078857      3.953545483827      2.445476109337
    6      3.362710893497      1.792990533983      3.356389801883
    1      3.871570077271     -0.064419348139      4.350729930209
    1      2.151632279523      4.901810915974      2.555290609480
    6      3.296034304198      3.660154133336      1.219176828111
    6      3.993528191266      1.495034684038      2.162113557517
    6      3.274305707387      4.548703640203      0.141251481820
    6      3.980548193558      2.389566790339      1.072641037848
    1      4.502517263584      0.545060486504      2.051491716772
    1      2.763291050685      5.497519036690      0.251823436720
    6      3.898236206810      4.249014554437     -1.072641037848
    6      4.604478692981      2.089877704573     -0.141251481820
    6      3.885256209101      5.143546660739     -2.162113557517
    6      4.582750096170      2.978427211441     -1.219176828111
    1      5.115493349683      1.141062308086     -0.251823436720
    1      3.376267136784      6.093520858272     -2.051491716772
    6      4.516073506871      4.845590810793     -3.356389801883
    6      5.214567321511      2.685035860949     -2.445476109337
    6      4.525002967257      5.758611824414     -4.458757971322
    6      5.199491857305      3.575878672132     -3.503201706149
    1      5.727152120845      1.736770428802     -2.555290609480
    1      4.007214323096      6.703000692915     -4.350729930209
    6      5.174821417397      5.454114445190     -5.612313424226
    6      5.857756213728      3.295826940874     -4.743047821554
    1      5.182314634885      6.160016759191     -6.434278499024
    6      5.853194934923      4.204920653295     -5.754605130988
    1      6.366376007985      2.346269573703     -4.857200634041
    1      6.364752293881      3.979096732116     -6.682326126177
    2    2
