   3   1   1
  0.787878440037E+01  0.578581344776E+00  0.000000000000E+00
  0.000000000000E+00  0.606000000000E+01  0.000000000000E+00
 -0.592670061426E+01 -0.330132955504E+01  0.145015703632E+02
    1
  0.100000000000E+01  0.000000000000E+00  0.135337788279E-17
 -0.258481892902E-17  0.100000000000E+01 -0.223733260546E-17
  0.000000000000E+00  0.000000000000E+00  0.100000000000E+01
  0.000000000000E+00  0.000000000000E+00  0.000000000000E+00
   72
    6     -1.263637561545     -1.033036493615      5.904205318678
    1     -1.277770408295     -0.841655005113      6.973456088111
    6     -0.774078275081     -0.092575583173      5.049391630025
    6     -1.767480271901     -2.273350549128      5.404701258440
    1     -0.404633703238      0.857148397735      5.418411764312
    6     -0.736231371015     -0.327154814297      3.633804084597
    1     -2.152315504704     -3.012592670084      6.100082194748
    6     -1.771065378729     -2.532970484412      4.066182521152
    6     -0.213259270089      0.598188757354      2.746231214171
    6     -1.251140183071     -1.582867046145      3.127330325623
    1     -2.158870901392     -3.470454484613      3.688617236971
    1      0.177937763191      1.535548544178      3.123670836350
    6     -0.159969965475      0.348405343014      1.358005567404
    6     -1.217054058845     -1.836367967405      1.765081033747
    6      0.388642882045      1.268946384452      0.461488516570
    6     -0.669895021436     -0.910878485322      0.850651246954
    1     -1.601335420894     -2.777228773062      1.389179083413
    1      0.765383842673      2.211857927964      0.838959237754
    6      0.484676335988      0.996760774445     -0.905640089735
    6     -0.584411594873     -1.178066945404     -0.520003616591
    6      1.068628333690      1.910807766708     -1.806344256448
    6     -0.002741407298     -0.271055661783     -1.412062811452
    1     -0.955388286647     -2.123204874352     -0.896371975516
    1      1.421844310834      2.861532700400     -1.427696855720
    6      1.217005888238      1.615413739098     -3.151245301031
    6      0.145873503278     -0.554454741050     -2.788376947302
    6      1.840039651717      2.527489194841     -4.063648158715
    6      0.754578430521      0.338951151460     -3.655411584935
    1     -0.209197165559     -1.504730777965     -3.168367454509
    1      2.184775955325      3.479791338522     -3.682478566023
    6      2.007444598637      2.204361988439     -5.376915103867
    6      0.955848146955      0.045859346137     -5.046431789223
    1      2.496056073246      2.901486256798     -6.050455634563
    6      1.560133148277      0.942271116049     -5.875020591179
    1      0.630387703779     -0.919551508395     -5.415721153153
    1      1.707902866232      0.702537719552     -6.923279247762
    6      2.105725246471      2.507640839433      5.809132873783
    1      1.657303498819      2.770335701083      6.761429389114
    6      2.030609202398      3.376807286011      4.763465658538
    6      2.779357063719      1.255001706701      5.671653468735
    1      1.525618096002      4.328350679554      4.874695779590
    6      2.623752483456      3.058926764659      3.497722552657
    1      2.831559315146      0.582130247464      6.521446184160
    6      3.353959272768      0.906711059596      4.488311314331
    6      2.575933427499      3.930416542525      2.421587742098
    6      3.300805101062      1.785685082085      3.356665698878
    1      3.868463580124     -0.040524830020      4.382148948970
    1      2.069267543665      4.881821876057      2.530678784357
    6      3.193490797640      3.623357176108      1.189902166419
    6      3.892215373131      1.462386679845      2.147628682721
    6      3.190208342723      4.513623720962      0.110768486473
    6      3.870418868426      2.348948539947      1.050548153506
    1      4.400927403448      0.512108063472      2.041049375556
    1      2.683460215890      5.465279849658      0.214885361813
    6      3.847515396024      4.218743944421     -1.088223412088
    6      4.507788021662      2.045192005279     -0.154981090439
    6      3.886633334034      5.124467002711     -2.170907438378
    6      4.525632182116      2.944089827761     -1.224287326515
    1      5.015548189272      1.093807026041     -0.257984583776
    1      3.379279166682      6.077008802309     -2.073562571179
    6      4.566763867253      4.832714947917     -3.342729184564
    6      5.203038672145      2.655984551785     -2.427628965204
    6      4.626835751733      5.753059205296     -4.440543505672
    6      5.243481530385      3.558799120982     -3.475749896996
    1      5.709887687052      1.703857536069     -2.525993300658
    1      4.112860211051      6.700857784986     -4.346655176330
    6      5.313519299562      5.447716102152     -5.574738077020
    6      5.945086138156      3.279873708085     -4.694338747064
    1      5.353762693370      6.156343270675     -6.394794481909
    6      5.983423183995      4.193179495526     -5.703243919479
    1      6.449409427087      2.326677487516     -4.794159000833
    1      6.523475629362      3.968586250702     -6.616398317760
    0    0
