   3   1   1
  0.787878440037E+01  0.578581344776E+00  0.000000000000E+00
  0.000000000000E+00  0.606000000000E+01  0.000000000000E+00
 -0.592670061426E+01 -0.330132955504E+01  0.145015703632E+02
    2
  0.100000000000E+01  0.000000000000E+00  0.135337788279E-17
 -0.258481892902E-17  0.100000000000E+01 -0.223733260546E-17
  0.000000000000E+00  0.000000000000E+00  0.100000000000E+01
  0.000000000000E+00  0.000000000000E+00  0.000000000000E+00
 -0.100000000000E+01  0.000000000000E+00 -0.135337788279E-17
  0.258481892902E-17 -0.100000000000E+01  0.223733260546E-17
  0.000000000000E+00  0.000000000000E+00 -0.100000000000E+01
  0.000000000000E+00  0.000000000000E+00  0.000000000000E+00
   72
    6     -1.461268706255     -0.964469548582      5.880971228634
    1     -1.575118401895     -0.733450456578      6.933925789904
    6     -0.862255380208     -0.069570980954      5.047530577448
    6     -1.938856522508     -2.215262607717      5.382206959519
    1     -0.511344582266      0.886947594220      5.416279107974
    6     -0.706085234821     -0.350772609923      3.650604270909
    1     -2.413344179962     -2.916825912524      6.060073451684
    6     -1.805975149348     -2.530084274310      4.064639433227
    6     -0.126519918954      0.552373651885      2.775816660764
    6     -1.197127045335     -1.615907681627      3.145146575004
    1     -2.170572389949     -3.475900855280      3.685637603199
    1      0.244978162825      1.496543638251      3.154211852322
    6     -0.041383229282      0.292683391729      1.390953619128
    6     -1.098224629739     -1.894044679507      1.792829163917
    6      0.494004313015      1.219948417356      0.491642477783
    6     -0.546736876051     -0.967632805319      0.883142950208
    1     -1.472744829928     -2.837165879221      1.414824239662
    1      0.873550883731      2.161147338778      0.869175011769
    6      0.546736876051      0.967632805319     -0.883142950208
    6     -0.494004313015     -1.219948417356     -0.491642477783
    6      1.098224629739      1.894044679507     -1.792829163917
    6      0.041383229282     -0.292683391729     -1.390953619128
    1     -0.873550883731     -2.161147338778     -0.869175011769
    1      1.472744829928      2.837165879221     -1.414824239662
    6      1.197127045335      1.615907681627     -3.145146575004
    6      0.126519918954     -0.552373651885     -2.775816660764
    6      1.805975149348      2.530084274310     -4.064639433227
    6      0.706085234821      0.350772609923     -3.650604270909
    1     -0.244978162825     -1.496543638251     -3.154211852322
    1      2.170572389949      3.475900855280     -3.685637603199
    6      1.938856522508      2.215262607717     -5.382206959519
    6      0.862255380208      0.069570980954     -5.047530577448
    1      2.413344179962      2.916825912524     -6.060073451684
    6      1.461268706255      0.964469548582     -5.880971228634
    1      0.511344582266     -0.886947594220     -5.416279107974
    1      1.575118401895      0.733450456578     -6.933925789904
    6      1.992636331395      2.476343698640      5.753539520723
    1      1.498739095773      2.721428665166      6.686222966265
    6      1.948126267520      3.353504691544      4.714517645688
    6      2.692830043011      1.236404954291      5.633026109799
    1      1.424814450863      4.296631201081      4.811490876617
    6      2.602665260095      3.057196882533      3.475562415018
    1      2.717482154868      0.555277482174      6.476113795027
    6      3.324009013047      0.908915298859      4.474445242604
    6      2.586446937846      3.937432895038      2.407895029059
    6      3.308405810244      1.797719498602      3.350987237765
    1      3.853038777913     -0.031320523511      4.380857773764
    1      2.064462721264      4.881400433695      2.505129768091
    6      3.251472562320      3.648090655751      1.197799032592
    6      3.958015268358      1.495879874145      2.166208567185
    6      3.252124780027      4.539912812750      0.121134534679
    6      3.958455093145      2.387704452552      1.072481660050
    1      4.484461711721      0.553004566283      2.072232498811
    1      2.726826890619      5.482640341379      0.217428424071
    6      3.920329307222      4.250876892224     -1.072481660050
    6      4.626659620341      2.098668532027     -0.121134534679
    6      3.920769132010      5.142701470631     -2.166208567185
    6      4.627311838048      2.990490689025     -1.197799032592
    1      5.151957509748      1.155941003397     -0.217428424071
    1      3.394322688647      6.085576778493     -2.072232498811
    6      4.570378590123      4.840861846174     -3.350987237765
    6      5.292337462522      2.701148449738     -2.407895029059
    6      4.554775387321      5.729666045917     -4.474445242604
    6      5.276119140272      3.581384462243     -3.475562415018
    1      5.814321679103      1.757180911082     -2.505129768091
    1      4.025745622455      6.669901868287     -4.380857773764
    6      5.185954357357      5.402176390485     -5.633026109799
    6      5.930658132847      3.285076653232     -4.714517645688
    1      5.161302245500      6.083303862602     -6.476113795027
    6      5.886148068973      4.162237646136     -5.753539520723
    1      6.453969949504      2.341950143695     -4.811490876617
    1      6.380045304595      3.917152679610     -6.686222966265
    2    2
