   3   1   1
  0.787878440037E+01  0.578581344776E+00  0.000000000000E+00
  0.000000000000E+00  0.606000000000E+01  0.000000000000E+00
 -0.592670061426E+01 -0.330132955504E+01  0.145015703632E+02
    2
  0.100000000000E+01  0.000000000000E+00  0.135337788279E-17
 -0.258481892902E-17  0.100000000000E+01 -0.223733260546E-17
  0.000000000000E+00  0.000000000000E+00  0.100000000000E+01
  0.000000000000E+00  0.000000000000E+00  0.000000000000E+00
 -0.100000000000E+01  0.000000000000E+00 -0.135337788279E-17
  0.258481892902E-17 -0.100000000000E+01  0.223733260546E-17
  0.000000000000E+00  0.000000000000E+00 -0.100000000000E+01
  0.000000000000E+00  0.000000000000E+00  0.000000000000E+00
   72
    6     -1.426735241246     -0.979192175051      5.886728573291
    1     -1.524942893263     -0.756666709499      6.942613916541
    6     -0.892809415548     -0.055298074706      5.042710191834
    6     -1.858996196634     -2.249656738275      5.395412593280
    1     -0.566196798829      0.911517420380      5.407981975574
    6     -0.751954110322     -0.329235112628      3.643071111614
    1     -2.269182668124     -2.979191806056      6.084852305951
    6     -1.778243347972     -2.541351438841      4.069583574873
    6     -0.163927382984      0.569613992956      2.769431130915
    6     -1.238839552455     -1.596268399702      3.138263751898
    1     -2.123423306710     -3.495891608913      3.694161701101
    1      0.222212915727      1.507531602636      3.149672209978
    6     -0.061859214062      0.302032581246      1.387488688279
    6     -1.171139551244     -1.860612748775      1.780969061129
    6      0.534109641030      1.201882713315      0.498599973935
    6     -0.604255365512     -0.941513946650      0.873591729738
    1     -1.547392872319     -2.802982449090      1.402322590243
    1      0.932642180750      2.134161843031      0.879752145633
    6      0.604255365512      0.941513946650     -0.873591729738
    6     -0.534109641030     -1.201882713315     -0.498599973935
    6      1.171139551244      1.860612748775     -1.780969061129
    6      0.061859214062     -0.302032581246     -1.387488688279
    1     -0.932642180750     -2.134161843031     -0.879752145633
    1      1.547392872319      2.802982449090     -1.402322590243
    6      1.238839552455      1.596268399702     -3.138263751898
    6      0.163927382984     -0.569613992956     -2.769431130915
    6      1.778243347972      2.541351438841     -4.069583574873
    6      0.751954110322      0.329235112628     -3.643071111614
    1     -0.222212915727     -1.507531602636     -3.149672209978
    1      2.123423306710      3.495891608913     -3.694161701101
    6      1.858996196634      2.249656738275     -5.395412593280
    6      0.892809415548      0.055298074706     -5.042710191834
    1      2.269182668124      2.979191806056     -6.084852305951
    6      1.426735241246      0.979192175051     -5.886728573291
    1      0.566196798829     -0.911517420380     -5.407981975574
    1      1.524942893263      0.756666709499     -6.942613916541
    6      2.022861852246      2.490621604798      5.765130047815
    1      1.548472333093      2.743879600807      6.705905508556
    6      2.011610901976      3.384356836608      4.739868802570
    6      2.652425865072      1.216145098104      5.615782119695
    1      1.527213403747      4.347057572485      4.852018706033
    6      2.631982440443      3.071430558094      3.486907364244
    1      2.637225091752      0.515639309107      6.442782546810
    6      3.277379023141      0.885270572739      4.455039755785
    6      2.600360696074      3.944349880255      2.413144117814
    6      3.307153601575      1.796852654884      3.349997653561
    1      3.770861267461     -0.072703238200      4.347509105568
    1      2.079709923540      4.889166350810      2.510771087473
    6      3.248864025628      3.646751096965      1.196400172812
    6      3.963064719221      1.498358613568      2.167966914432
    6      3.229791345233      4.529026180931      0.111897015674
    6      3.972911192187      2.394840816649      1.078255758452
    1      4.477712792566      0.549998263996      2.069048727179
    1      2.695601180086      5.467000544213      0.204695882979
    6      3.905873208181      4.243740528127     -1.078255758452
    6      4.648993055135      2.109555163845     -0.111897015674
    6      3.915719681147      5.140222731208     -2.167966914432
    6      4.629920374740      2.991830247811     -1.196400172812
    1      5.183183220281      1.171580800563     -0.204695882979
    1      3.401071607802      6.088583080780     -2.069048727179
    6      4.571630798793      4.841728689892     -3.349997653561
    6      5.278423704293      2.694231464521     -2.413144117814
    6      4.601405377227      5.753310772037     -4.455039755785
    6      5.246801959925      3.567150786682     -3.486907364244
    1      5.799074476827      1.749414993966     -2.510771087473
    1      4.107923132907      6.711284582976     -4.347509105568
    6      5.226358535296      5.422436246672     -5.615782119695
    6      5.867173498391      3.254224508168     -4.739868802570
    1      5.241559308616      6.122942035669     -6.442782546810
    6      5.855922548121      4.147959739978     -5.765130047815
    1      6.351570996620      2.291523772292     -4.852018706033
    1      6.330312067275      3.894701743969     -6.705905508556
    2    2
