   3   1   1
  0.787878440037E+01  0.578581344776E+00  0.000000000000E+00
  0.000000000000E+00  0.606000000000E+01  0.000000000000E+00
 -0.592670061426E+01 -0.330132955504E+01  0.145015703632E+02
    1
  0.100000000000E+01  0.000000000000E+00  0.135337788279E-17
 -0.258481892902E-17  0.100000000000E+01 -0.223733260546E-17
  0.000000000000E+00  0.000000000000E+00  0.100000000000E+01
  0.000000000000E+00  0.000000000000E+00  0.000000000000E+00
   72
    6     -1.437170673112     -0.902436625522      5.901399682867
    1     -1.526191873365     -0.686309451219      6.959018178724
    6     -0.878209590567      0.011344151489      5.062149989709
    6     -1.914878052841     -2.152668481131      5.401113652166
    1     -0.528703235057      0.967938921952      5.432320141027
    6     -0.749932643846     -0.255565766470      3.660190280098
    1     -2.362904972448     -2.865774100124      6.084279815526
    6     -1.824399739617     -2.447791519164      4.076454392101
    6     -0.179164629778      0.652010070837      2.783816792631
    6     -1.241129826897     -1.520900475709      3.153540115675
    1     -2.193668145147     -3.392072416370      3.695530507969
    1      0.192536088783      1.596320856824      3.163077062422
    6     -0.074213986639      0.384379527299      1.402062440399
    6     -1.145935907194     -1.796605079336      1.800552884181
    6      0.490255606471      1.298346926384      0.507178532506
    6     -0.573885270172     -0.879162389213      0.894457344231
    1     -1.518524432446     -2.741522291621      1.421834927892
    1      0.862458565754      2.243308996003      0.883524117880
    6      0.580686087252      1.028476870553     -0.861833992458
    6     -0.482798870447     -1.148666403472     -0.474313600655
    6      1.139746485342      1.950570654777     -1.770872406013
    6      0.083014571538     -0.235081477499     -1.368005938457
    1     -0.858313563567     -2.091753806313     -0.851807095390
    1      1.504655299281      2.897239181841     -1.395041011240
    6      1.227016244412      1.677380309533     -3.125035510979
    6      0.179968143589     -0.500633427567     -2.750791368841
    6      1.786705290829      2.612668160089     -4.053376287767
    6      0.740877157690      0.410540199286     -3.629025389434
    1     -0.194598839968     -1.443958465319     -3.128961228437
    1      2.149978711570      3.558173406764     -3.675565295025
    6      1.860046817697      2.325044056436     -5.380502710141
    6      0.851716831469      0.149779080800     -5.033673429540
    1      2.285466605502      3.048304826758     -6.066258013786
    6      1.386600036711      1.072870984142     -5.877826226991
    1      0.506318171959     -0.808760984178     -5.401812776437
    1      1.459481401162      0.857883273446     -6.937717157149
    6      2.020961141566      2.398163688094      5.746052438503
    1      1.535061437040      2.643838225008      6.683004241226
    6      2.000582191473      3.291412964315      4.720613696704
    6      2.677835905552      1.138017246535      5.604927263856
    1      1.501961439380      4.246555798322      4.830610333494
    6      2.640313389934      2.991989326509      3.474035291732
    1      2.679393361570      0.444224501119      6.436535150034
    6      3.299753861112      0.810244764093      4.442284959492
    6      2.635537937638      3.879826110253      2.412721127510
    6      3.310318545475      1.715621727878      3.332859785653
    1      3.803572796412     -0.141132708055      4.336235510483
    1      2.130910608632      4.832414107202      2.517727885192
    6      3.282128343435      3.582888265685      1.193964740388
    6      3.945177102894      1.409104447852      2.142250606976
    6      3.287952633715      4.476994272545      0.119510294444
    6      3.958215022293      2.308123499721      1.055385080103
    1      4.447635504243      0.456078388971      2.037448010924
    1      2.780345635616      5.428113580701      0.222597882922
    6      3.935311549891      4.177918904196     -1.083386485491
    6      4.605532312654      2.008562556861     -0.146239282468
    6      3.939595063797      5.071184770717     -2.176285514123
    6      4.614269727911      2.903620917337     -1.220224752547
    1      5.112433608999      1.056640757084     -0.250272062668
    1      3.425987267477      6.020979127809     -2.077163935810
    6      4.576277311666      4.762651593709     -3.366535097790
    6      5.262643182283      2.605394119513     -2.436495579791
    6      4.572630340077      5.656592909793     -4.486569860511
    6      5.260042436863      3.491861682831     -3.499437157921
    1      5.771530752019      1.654449767214     -2.538944199822
    1      4.047969427339      6.600249906952     -4.392568614817
    6      5.211998141395      5.330731641985     -5.641464281899
    6      5.915059127231      3.194479386389     -4.737190708899
    1      5.201596739795      6.018437524329     -6.479705516034
    6      5.898659079090      4.083702344187     -5.766324354759
    1      6.425752770465      2.244882606283     -4.838244446929
    1      6.401233567583      3.842088774627     -6.694823465648
    0    0
