   3   1   1
  0.787878440037E+01  0.578581344776E+00  0.000000000000E+00
  0.000000000000E+00  0.606000000000E+01  0.000000000000E+00
 -0.592670061426E+01 -0.330132955504E+01  0.145015703632E+02
    1
  0.100000000000E+01  0.000000000000E+00  0.135337788279E-17
 -0.258481892902E-17  0.100000000000E+01 -0.223733260546E-17
  0.000000000000E+00  0.000000000000E+00  0.100000000000E+01
  0.000000000000E+00  0.000000000000E+00  0.000000000000E+00
   72
    6     -1.381755663125     -1.000731620757      5.893993329496
    1     -1.422918879673     -0.801758832111      6.959342520273
    6     -0.886281101660     -0.059522694264      5.043863593491
    6     -1.861663007336     -2.250086410934      5.394602143694
    1     -0.539365139811      0.898179929728      5.413563800452
    6     -0.786048869933     -0.315329353890      3.637516314430
    1     -2.262691911772     -2.984033076773      6.085256427797
    6     -1.829928324089     -2.520068589970      4.060793139874
    6     -0.200406842180      0.585174234623      2.763941738439
    6     -1.270558090111     -1.583580073796      3.132921895003
    1     -2.203093612544     -3.462390241994      3.681058024345
    1      0.170061343954      1.529963998738      3.142974975723
    6     -0.059235354931      0.300985452307      1.388070639897
    6     -1.148989887926     -1.871094829754      1.784130465543
    6      0.526843084572      1.205349138799      0.497348547936
    6     -0.552110323745     -0.965077355072      0.882160823674
    1     -1.510066824390     -2.819970384350      1.407113668600
    1      0.901040508132      2.149077568746      0.874522898584
    6      0.602461033679      0.942561904694     -0.874130513015
    6     -0.446211392346     -1.241664191057     -0.484143585225
    6      1.136692504609      1.876080904359     -1.787294824652
    6      0.097993203246     -0.318475552491     -1.381997738959
    1     -0.819731621188     -2.185985233570     -0.860808314686
    1      1.513112907338      2.818791089112     -1.409762270532
    6      1.197587981197      1.614700711447     -3.145653731652
    6      0.158725931187     -0.567469263780     -2.770666423034
    6      1.781176706357      2.540391089282     -4.069037539993
    6      0.704760931602      0.350776611867     -3.651699355102
    1     -0.217073584796     -1.510315323405     -3.149063315136
    1      2.140553244173      3.487855581140     -3.690037778649
    6      1.913261863202      2.227626126633     -5.387014218614
    6      0.843645320376      0.078912235047     -5.051959825758
    1      2.385679666178      2.930045850109     -6.065281401515
    6      1.442015046697      0.974575988908     -5.885232580361
    1      0.495656267205     -0.878519976402     -5.420569117013
    1      1.562754394854      0.742433892554     -6.937392815600
    6      2.025572145587      2.488033166599      5.766145437647
    1      1.561794695132      2.746849300703      6.711070502583
    6      1.967121096487      3.360237686197      4.723153032787
    6      2.694992989664      1.233240217815      5.632070366066
    1      1.460652663896      4.311660353463      4.828500100766
    6      2.599780155723      3.054918504558      3.475219384762
    1      2.730938271825      0.556520240229      6.478551970871
    6      3.282860657671      0.885808584188      4.455831455429
    6      2.616762299067      3.952479148131      2.421578697188
    6      3.273663875419      1.780043039932      3.336733155916
    1      3.792743777711     -0.063870749315      4.353776434516
    1      2.113176995960      4.905651026400      2.526883771165
    6      3.291288475848      3.668363821174      1.215114503063
    6      3.928184995727      1.482203283369      2.153926784441
    6      3.313035601372      4.569893346237      0.146639980846
    6      3.967427834765      2.393139858588      1.076587135500
    1      4.436977687532      0.531395196337      2.052228105327
    1      2.807479422380      5.522302010222      0.250564132497
    6      3.944524362363      4.262935263063     -1.062184430094
    6      4.630615280311      2.101461630553     -0.119109596066
    6      3.922602956629      5.144283606234     -2.164609336659
    6      4.623429860325      2.989096472826     -1.199074989871
    1      5.139567395762      1.150829186606     -0.222305813092
    1      3.415329450765      6.096295935174     -2.062383841408
    6      4.539622641610      4.827072905764     -3.362661727526
    6      5.243867543713      2.678047157391     -2.427638010114
    6      4.555737136636      5.732156729888     -4.473023364573
    6      5.219509202651      3.554790860880     -3.498253064890
    1      5.753797139348      1.727686686411     -2.529788313849
    1      4.037140408638      6.677511865692     -4.375027690784
    6      5.229155225507      5.425954613265     -5.614321179689
    6      5.881598032246      3.263304108271     -4.734651372815
    1      5.253141650050      6.130733263440     -6.437688695198
    6      5.903270083111      4.173571822691     -5.746231355616
    1      6.384443994982      2.309987161424     -4.840354679657
    1      6.427966825675      3.945099850322     -6.666757204291
    0    0
