   3   1   1
  0.787878440037E+01  0.578581344776E+00  0.000000000000E+00
  0.000000000000E+00  0.606000000000E+01  0.000000000000E+00
 -0.592670061426E+01 -0.330132955504E+01  0.145015703632E+02
    1
  0.100000000000E+01  0.000000000000E+00  0.135337788279E-17
 -0.258481892902E-17  0.100000000000E+01 -0.223733260546E-17
  0.000000000000E+00  0.000000000000E+00  0.100000000000E+01
  0.000000000000E+00  0.000000000000E+00  0.000000000000E+00
   72
    6     -1.437723575464     -1.046721519377      5.878304384648
    1     -1.522277846007     -0.853006288612      6.941732662240
    6     -0.866768200742     -0.114688260245      5.065249138751
    6     -1.934436116175     -2.277590408855      5.348570124393
    1     -0.510074581965      0.827375468219      5.465510660724
    6     -0.737470170013     -0.340820775794      3.654645490976
    1     -2.389107906089     -3.004200672403      6.012106973465
    6     -1.842247450257     -2.535809656897      4.017506748643
    6     -0.154761766194      0.582146138682      2.796542843202
    6     -1.242496041648     -1.590857466579      3.124948546902
    1     -2.216336402401     -3.464762954045      3.606706819038
    1      0.221200709630      1.515580102002      3.198257299252
    6     -0.047728243157      0.342052283778      1.406038725714
    6     -1.138873083326     -1.842826524813      1.771657063575
    6      0.516175588407      1.259993137306      0.507857356100
    6     -0.552642031868     -0.915497652156      0.889609784002
    1     -1.513627334089     -2.777363390614      1.371018237159
    1      0.888316803638      2.204803550573      0.884597886330
    6      0.601929325556      0.992141607611     -0.866681552687
    6     -0.456878888510     -1.187020192550     -0.473634777061
    6      1.146809309209      1.904349209300     -1.799768226619
    6      0.109500315020     -0.277408721020     -1.364029653142
    1     -0.832455325683     -2.130259251743     -0.850733326940
    1      1.509552397639      2.861398082848     -1.445857701973
    6      1.225650029661      1.607423318663     -3.153627079752
    6      0.204371007173     -0.570497359721     -2.738065318271
    6      1.768857580190      2.524650022355     -4.112323931225
    6      0.753339631523      0.325285189963     -3.634570178556
    1     -0.165934219120     -1.524699220141     -3.093780991607
    1      2.127310454315      3.485482869090     -3.764388983956
    6      1.840488754364      2.200122128712     -5.433046237914
    6      0.863158221294      0.023746669066     -5.030574280497
    1      2.259263671861      2.909878254479     -6.138430855846
    6      1.386047134359      0.928586090287     -5.900921525210
    1      0.524946825052     -0.949324437911     -5.368622256740
    1      1.463395428521      0.691186436053     -6.955002673633
    6      2.017496551589      2.486850116245      5.765389881384
    1      1.528155580770      2.732822669428      6.700055371806
    6      1.994674583718      3.375608517848      4.735948698257
    6      2.686772913802      1.231948279765      5.631484107921
    1      1.492175447333      4.329048999773      4.841819720507
    6      2.632470969606      3.071832068893      3.490215776424
    1      2.695943588618      0.542820869942      6.467663569880
    6      3.307987905593      0.900078500747      4.469000591389
    6      2.623765083509      3.956018024411      2.425815739110
    6      3.304437592087      1.795928869800      3.351468977501
    1      3.819026272973     -0.048939931776      4.367951880808
    1      2.120293596471      4.909298596721      2.530424299234
    6      3.263585105232      3.654145861638      1.205332667261
    6      3.931233920714      1.483461333573      2.157549519555
    6      3.267734470119      4.547190367875      0.130007408216
    6      3.938261695904      2.378336838333      1.066638345203
    1      4.436872260404      0.530967342042      2.055021707918
    1      2.761202179833      5.498933995860      0.233961130092
    6      3.915358223502      4.248132242807     -1.072133220392
    6      4.585314149059      2.078758652191     -0.135742168696
    6      3.925651881617      5.145541656438     -2.160986601544
    6      4.595726489708      2.974878513290     -1.208856825674
    1      5.093290153216      1.127461172243     -0.238908815498
    1      3.415224023637      6.095868080879     -2.059590238817
    6      4.570396358278      4.842958735632     -3.347925905941
    6      5.250870328154      2.681586033671     -2.423400968192
    6      4.580864384558      5.746426646446     -4.459854228614
    6      5.252200016535      3.571704425216     -3.483256673229
    1      5.760913739858      1.731334256732     -2.526247785780
    1      4.063422903900      6.692442683231     -4.360852244492
    6      5.220935149645      5.424662675215     -5.614907437834
    6      5.909151519477      3.278674939922     -4.721855707346
    1      5.218146966842      6.117033893153     -6.448577096188
    6      5.895194489113      4.172388772338     -5.746986911879
    1      6.415966778419      2.327375807735     -4.827035059916
    1      6.394327711313      3.931073219047     -6.677772335068
    0    0
