   3   1   1
  0.787878440037E+01  0.578581344776E+00  0.000000000000E+00
  0.000000000000E+00  0.606000000000E+01  0.000000000000E+00
 -0.592670061426E+01 -0.330132955504E+01  0.145015703632E+02
    1
  0.100000000000E+01  0.000000000000E+00  0.135337788279E-17
 -0.258481892902E-17  0.100000000000E+01 -0.223733260546E-17
  0.000000000000E+00  0.000000000000E+00  0.100000000000E+01
  0.000000000000E+00  0.000000000000E+00  0.000000000000E+00
   72
    6     -1.375859490922     -0.985172108589      5.901778704634
    1     -1.459245635417     -0.769455101345      6.960270659441
    6     -0.827881575731     -0.067010124366      5.060619904405
    6     -1.852079184161     -2.236023899651      5.402636226086
    1     -0.482415613969      0.891251982224      5.429308129584
    6     -0.706579046830     -0.331645836733      3.657525509168
    1     -2.290915338231     -2.953124908902      6.086888315711
    6     -1.769566748613     -2.528160348673      4.077041934993
    6     -0.139929380360      0.577507785393      2.780765125631
    6     -1.195373993270     -1.597871621711      3.152002309390
    1     -2.138503906514     -3.472404373456      3.697332073251
    1      0.230575153038      1.521918013145      3.159475296500
    6     -0.037483654950      0.310433105538      1.398519225624
    6     -1.103285512762     -1.872745540159      1.798760754920
    6      0.527372537259      1.224227828922      0.504264245435
    6     -0.536085144975     -0.953268633191      0.891488053139
    1     -1.474068113655     -2.818073303771      1.421077582656
    1      0.898494611660      2.169056370172      0.880693750371
    6      0.618486212449      0.954370626575     -0.864803283550
    6     -0.445681939659     -1.222785500934     -0.477227887726
    6      1.182396879773      1.874430193954     -1.772664535274
    6      0.119744903227     -0.309027899260     -1.371549153232
    1     -0.822277517661     -2.166006432144     -0.854637462899
    1      1.549111618073      2.820688169691     -1.395798356476
    6      1.272772078039      1.600409163531     -3.126573317264
    6      0.219203393007     -0.575135713010     -2.753843035841
    6      1.841538281833      2.532299330579     -4.052788744875
    6      0.784230754706      0.334460129023     -3.631690160364
    1     -0.156559775712     -1.518361308998     -3.132562994359
    1      2.205142950202      3.477841449679     -3.673763729743
    6      1.922845686378      2.241688637916     -5.378980136221
    6      0.902044846305      0.071424804945     -5.035203514843
    1      2.357456239719      2.960954017981     -6.063649513600
    6      1.447911218900      0.990135501075     -5.877447205223
    1      0.552605793047     -0.885447923906     -5.404824787880
    1      1.526427639111      0.774737623320     -6.936464676431
    6      1.965421372178      2.486690696010      5.745242713038
    1      1.476483806291      2.736487622662      6.679200859274
    6      1.948856663303      3.373868588818      4.714830253131
    6      2.631236837117      1.229588013724      5.613827086662
    1      1.449899574510      4.329065257783      4.818501942437
    6      2.592320067970      3.068217292014      3.472581107799
    1      2.637204807125      0.541672428292      6.451375668956
    6      3.259476339513      0.896503442783      4.455395204151
    6      2.589450584136      3.952168141893      2.408700680547
    6      3.265865070620      1.792565014747      3.337309787166
    1      3.772371190379     -0.052443575975      4.359288076377
    1      2.086593775604      4.905727616073      2.511070121779
    6      3.235151300100      3.650371021775      1.191818223976
    6      3.901408594115      1.481414376413      2.147429216615
    6      3.241861932786      4.544327368455      0.118196599748
    6      3.911735870461      2.375376991223      1.054962915802
    1      4.409704878438      0.529576701227      2.048526937941
    1      2.736324937179      5.496227873619      0.222471979376
    6      3.888832398058      4.245172395698     -1.083808649792
    6      4.559441611725      2.075895652771     -0.147552977164
    6      3.895826555017      5.143494699278     -2.171106904485
    6      4.567292684576      2.971103673427     -1.222371268959
    1      5.068412910561      1.124755050002     -0.250397966213
    1      3.388056641671      6.094477440064     -2.066085008794
    6      4.531823836811      4.839594880578     -3.362085096276
    6      5.216555828781      2.677736151153     -2.440516026754
    6      4.532352818477      5.742851588483     -4.473459615852
    6      5.212049114898      3.568089648336     -3.500891341854
    1      5.727213918992      1.727763276085     -2.545601963235
    1      4.016767821306      6.688939039032     -4.369516048923
    6      5.165399072960      5.422302409175     -5.632564459093
    6      5.863333599062      3.276935010892     -4.742974152472
    1      5.159408185350      6.115885451503     -6.464864997112
    6      5.843119309702      4.172229352102     -5.767134080225
    1      6.373690905595      2.327392065744     -4.850352837987
    1      6.342655936834      3.934738172281     -6.698626847600
    0    0
