   3   1   1
  0.787878440037E+01  0.578581344776E+00  0.000000000000E+00
  0.000000000000E+00  0.606000000000E+01  0.000000000000E+00
 -0.592670061426E+01 -0.330132955504E+01  0.145015703632E+02
    2
  0.100000000000E+01  0.000000000000E+00  0.135337788279E-17
 -0.258481892902E-17  0.100000000000E+01 -0.223733260546E-17
  0.000000000000E+00  0.000000000000E+00  0.100000000000E+01
  0.000000000000E+00  0.000000000000E+00  0.000000000000E+00
 -0.100000000000E+01  0.000000000000E+00 -0.135337788279E-17
  0.258481892902E-17 -0.100000000000E+01  0.223733260546E-17
  0.000000000000E+00  0.000000000000E+00 -0.100000000000E+01
  0.000000000000E+00  0.000000000000E+00  0.000000000000E+00
   72
    6     -1.502125174661     -0.962443993603      5.870112296234
    1     -1.599927239896     -0.744183125329      6.926485693282
    6     -0.932399792775     -0.050444917475      5.036294157531
    6     -1.973151973341     -2.213881245329      5.367650920429
    1     -0.584463978218      0.906107818966      5.409297141880
    6     -0.789353964173     -0.319318799099      3.636353039295
    1     -2.425389011403     -2.928436812103      6.045768884109
    6     -1.864516834724     -2.511618049401      4.045343921272
    6     -0.208112990083      0.585227640690      2.764203640195
    6     -1.274260526485     -1.585740913425      3.127474805112
    1     -2.223740138928     -3.457562002518      3.662526873900
    1      0.163866985182      1.529648202432      3.144347578341
    6     -0.091934484152      0.314101723000      1.383904969937
    6     -1.164687812520     -1.865680912528      1.776708499018
    6      0.483316606515      1.224139686529      0.493007251069
    6     -0.587089784306     -0.949888389995      0.874023953058
    1     -1.530081572167     -2.812158329062      1.397707237697
    1      0.855003525989      2.169055790090      0.870471663440
    6      0.587089784306      0.949888389995     -0.874023953058
    6     -0.483316606515     -1.224139686529     -0.493007251069
    6      1.164687812520      1.865680912528     -1.776708499018
    6      0.091934484152     -0.314101723000     -1.383904969937
    1     -0.855003525989     -2.169055790090     -0.870471663440
    1      1.530081572167      2.812158329062     -1.397707237697
    6      1.274260526485      1.585740913425     -3.127474805112
    6      0.208112990083     -0.585227640690     -2.764203640195
    6      1.864516834724      2.511618049401     -4.045343921272
    6      0.789353964173      0.319318799099     -3.636353039295
    1     -0.163866985182     -1.529648202432     -3.144347578341
    1      2.223740138928      3.457562002518     -3.662526873900
    6      1.973151973341      2.213881245329     -5.367650920429
    6      0.932399792775      0.050444917475     -5.036294157531
    1      2.425389011403      2.928436812103     -6.045768884109
    6      1.502125174661      0.962443993603     -5.870112296234
    1      0.584463978218     -0.906107818966     -5.409297141880
    1      1.599927239896      0.744183125329     -6.926485693282
    6      2.099780932136      2.481710214215      5.792901248700
    1      1.628011534086      2.727718368100      6.737599274577
    6      2.055866253272      3.369964033376      4.762785855593
    6      2.763652766821      1.225054425957      5.645546392818
    1      1.554163393903      4.323742155349      4.877276518325
    6      2.673603077064      3.067923268086      3.505283009036
    1      2.787354529176      0.535929165556      6.481961336541
    6      3.360325147677      0.892886365910      4.469559729487
    6      2.654159915125      3.954777081391      2.442631690323
    6      3.342460193535      1.791451603004      3.354505765255
    1      3.864382892525     -0.058214944263      4.356536613896
    1      2.151710412213      4.908289865584      2.554280770201
    6      3.285226414740      3.657447304222      1.215488741536
    6      3.956928317458      1.482130225589      2.152989998769
    6      3.286255589533      4.555122270233      0.143759751280
    6      3.956777778223      2.380910556936      1.065635650977
    1      4.459540799355      0.529070200787      2.042261425775
    1      2.783021108334      5.508035527330      0.254535050320
    6      3.922006622144      4.257670787840     -1.065635650977
    6      4.592528810834      2.083459074543     -0.143759751280
    6      3.921856082910      5.156451119187     -2.152989998769
    6      4.593557985628      2.981134040554     -1.215488741536
    1      5.095763292033      1.130545817446     -0.254535050320
    1      3.419243601013      6.109511143989     -2.042261425775
    6      4.536324206833      4.847129741772     -3.354505765255
    6      5.224624485242      2.683804263385     -2.442631690323
    6      4.518459252691      5.745694978866     -4.469559729487
    6      5.205181323304      3.570658076690     -3.505283009036
    1      5.727073988155      1.730291479192     -2.554280770201
    1      4.014401507842      6.696796289039     -4.356536613896
    6      5.115131633547      5.413526918820     -5.645546392818
    6      5.822918147096      3.268617311400     -4.762785855593
    1      5.091429871192      6.102652179220     -6.481961336541
    6      5.779003468232      4.156871130561     -5.792901248700
    1      6.324621006464      2.314839189427     -4.877276518325
    1      6.250772866282      3.910862976676     -6.737599274577
    2    2
