   3   1   1
  0.787878440037E+01  0.578581344776E+00  0.000000000000E+00
  0.000000000000E+00  0.606000000000E+01  0.000000000000E+00
 -0.592670061426E+01 -0.330132955504E+01  0.145015703632E+02
    1
  0.100000000000E+01  0.000000000000E+00  0.135337788279E-17
 -0.258481892902E-17  0.100000000000E+01 -0.223733260546E-17
  0.000000000000E+00  0.000000000000E+00  0.100000000000E+01
  0.000000000000E+00  0.000000000000E+00  0.000000000000E+00
   72
    6     -1.419304122099     -0.986942590856      5.889076189828
    1     -1.507340931506     -0.770616264182      6.946951766284
    6     -0.872707640202     -0.066204740023      5.049151631921
    6     -1.887807350511     -2.240589264254      5.389823835186
    1     -0.530503754045      0.892768612608      5.419614702397
    6     -0.746914771856     -0.329607312600      3.646063103966
    1     -2.322291468521     -2.960776610127      6.073696861836
    6     -1.801924579445     -2.530630750635      4.063824767280
    6     -0.179177408159      0.580321960970      2.769869582100
    6     -1.231653783713     -1.597036735795      3.139972068014
    1     -2.164006812824     -3.476307404883      3.682723305101
    1      0.191943262535      1.524460298778      3.149603768345
    6     -0.074578211924      0.313714901818      1.387553924746
    6     -1.137336401791     -1.871086305649      1.786562105686
    6      0.492099567466      1.227038505213      0.493128619579
    6     -0.571998290870     -0.950252727353      0.880311278186
    1     -1.503890114657     -2.817394504669      1.408356246848
    1      0.866234545028      2.170841492150      0.870192046586
    6      0.582573066554      0.957386532414     -0.875980058503
    6     -0.480954909452     -1.219974824643     -0.488363513582
    6      1.148345990745      1.876089428464     -1.784863184509
    6      0.082650346253     -0.305746102979     -1.382514454110
    1     -0.854537584292     -2.164221310166     -0.865139166684
    1      1.519289617070      2.821366968793     -1.408519692284
    6      1.236492287596      1.601244049448     -3.138603558640
    6      0.179955365208     -0.572321537433     -2.764738579373
    6      1.809180451002      2.529828928618     -4.066005912587
    6      0.743895029680      0.336498653156     -3.643152565566
    1     -0.195191666216     -1.515819023364     -3.142434522514
    1      2.179640043892      3.473938418252     -3.688372497893
    6      1.887117520027      2.237123273313     -5.391792527121
    6      0.857218781834      0.072230189288     -5.046671787327
    1      2.326080109429      2.953302316756     -6.076840967476
    6      1.404466587723      0.988365018808     -5.890149720029
    1      0.504517652971     -0.883931293522     -5.414518215068
    1      1.478332343022      0.773576460483     -6.949783569589
    6      1.969078165709      2.463683438233      5.742252169360
    1      1.452818556290      2.697763400019      6.665566715426
    6      1.912327350009      3.334419624236      4.698128307154
    6      2.716976545882      1.247332024152      5.642490956209
    1      1.360076331717      4.263357931540      4.782761011329
    6      2.597123745455      3.051457813123      3.472144835456
    1      2.753606058266      0.574268745566      6.491739606887
    6      3.369129659899      0.928400861907      4.492832067032
    6      2.585724782796      3.933656654917      2.406176408449
    6      3.330345174982      1.805217512716      3.359420700465
    1      3.924310814584      0.000830293022      4.411267498923
    1      2.057444697670      4.874902719249      2.500248008155
    6      3.261522942836      3.648232284931      1.200973313682
    6      3.975922551303      1.500721051983      2.173104720507
    6      3.280172722072      4.548211816676      0.131580299829
    6      3.958071573638      2.382885783134      1.071514320140
    1      4.509504835388      0.561443663531      2.083042619992
    1      2.775740814486      5.501121686113      0.236621227772
    6      3.935168101236      4.252681187608     -1.067257245454
    6      4.597752401012      2.079780100992     -0.134169277083
    6      3.970340512206      5.162801374848     -2.145431400592
    6      4.593664327312      2.968964936583     -1.213216179253
    1      5.107828787868      1.129648862497     -0.236248717817
    1      3.487856598621      6.126344402368     -2.031569326743
    6      4.596303941173      4.852247378548     -3.339974182977
    6      5.212830027441      2.659224664177     -2.443040298853
    6      4.642006138864      5.774749007607     -4.436022752970
    6      5.216852792383      3.551330169445     -3.501327614197
    1      5.698064841058      1.696938379260     -2.556424076859
    1      4.168707445512      6.742212908029     -4.317536626377
    6      5.251138781725      5.440046419602     -5.603900589546
    6      5.826804285768      3.237486046310     -4.759676098449
    1      5.275809436491      6.148481768777     -6.424501059182
    6      5.846776103233      4.149222094326     -5.770124623902
    1      6.283867662802      2.261684739501     -4.886093769094
    1      6.318990686833      3.896013949638     -6.712260991448
    0    0
