   3   1   1
  0.787878440037E+01  0.578581344776E+00  0.000000000000E+00
  0.000000000000E+00  0.606000000000E+01  0.000000000000E+00
 -0.592670061426E+01 -0.330132955504E+01  0.145015703632E+02
    1
  0.100000000000E+01  0.000000000000E+00  0.135337788279E-17
 -0.258481892902E-17  0.100000000000E+01 -0.223733260546E-17
  0.000000000000E+00  0.000000000000E+00  0.100000000000E+01
  0.000000000000E+00  0.000000000000E+00  0.000000000000E+00
   72
    6     -1.403220134834     -0.993590183454      5.890964946369
    1     -1.477766737290     -0.780746745869      6.950884737668
    6     -0.863781648994     -0.071420614573      5.048574384437
    6     -1.881017361558     -2.243567607190      5.391149131684
    1     -0.516244479640      0.885881284159      5.418297618495
    6     -0.750771493186     -0.331414498726      3.644047506722
    1     -2.312360196520     -2.964701564841      6.075927205661
    6     -1.808028358005     -2.530237423500      4.063729402497
    6     -0.186947941735      0.579386395591      2.766866271825
    6     -1.240996036472     -1.596653584619      3.138002149902
    1     -2.176255884206     -3.473996617716      3.683400240867
    1      0.187731786418      1.522274195224      3.146561791175
    6     -0.087920398528      0.314416019978      1.384175959256
    6     -1.152900450928     -1.869010735470      1.783920193169
    6      0.476607021361      1.228505568552      0.489689805942
    6     -0.587289865532     -0.948772127636      0.876991410538
    1     -1.521902748644     -2.814364001052      1.405765203959
    1      0.851110848378      2.172408606915      0.866571223897
    6      0.567281491892      0.958867132131     -0.879299926151
    6     -0.496447455556     -1.218507761304     -0.491802327219
    6      1.132781941607      1.878164998643     -1.787505097025
    6      0.069308159649     -0.305044984820     -1.385892419601
    1     -0.869661280942     -2.162654195401     -0.868759989373
    1      1.501276983084      2.824397472410     -1.411110735173
    6      1.227150034837      1.601627200624     -3.140573476752
    6      0.172184831632     -0.573257102812     -2.767741889647
    6      1.803076672442      2.530222255752     -4.066101277371
    6      0.740038308350      0.334691467030     -3.645168162810
    1     -0.199403142333     -1.518005126918     -3.145476499684
    1      2.167390972510      3.476249205418     -3.687695562127
    6      1.893907508980      2.234144930377     -5.390467230624
    6      0.866144773042      0.067014314737     -5.047249034812
    1      2.336011381430      2.949377362041     -6.074610623651
    6      1.420550574988      0.981717426210     -5.888260963488
    1      0.518776927376     -0.890818621972     -5.415835298970
    1      1.507906537238      0.763445978795     -6.945850598205
    6      1.971429052785      2.540122737678      5.746944051859
    1      1.467770222924      2.807028024667      6.668307405047
    6      1.979744406652      3.407666008046      4.700595251874
    6      2.633018598247      1.277422803481      5.643667851632
    1      1.486406559538      4.369718590029      4.774134140222
    6      2.640309795496      3.070713622279      3.476137596709
    1      2.622240728897      0.602761323174      6.492824175003
    6      3.276870958063      0.916617045255      4.499702261170
    6      2.654424269980      3.937719730274      2.402683221050
    6      3.307247428294      1.789406306084      3.361659829743
    1      3.781765542950     -0.039608105336      4.432014897897
    1      2.157111005526      4.897123259125      2.483264310450
    6      3.306890313166      3.612668360008      1.198941473754
    6      3.952777959317      1.455600428506      2.178094261328
    6      3.313159383178      4.503858313536      0.128946881139
    6      3.980089027849      2.335086572888      1.069850643272
    1      4.452040929480      0.497299230810      2.099185882485
    1      2.807199264693      5.455845711914      0.232649868092
    6      3.957185555447      4.204881977363     -1.068920922323
    6      4.630739062118      2.035426597852     -0.136802695774
    6      3.947195920219      5.117680751371     -2.140441859771
    6      4.639031697643      2.933401011660     -1.215248019181
    1      5.139287238075      1.084372888297     -0.240220077497
    1      3.430392692713      6.062199969647     -2.015426064249
    6      4.573206194484      4.836436171915     -3.337735053700
    6      5.281529514626      2.663287739535     -2.446533486252
    6      4.549747437027      5.762965190954     -4.429152558833
    6      5.260038842425      3.570585978602     -3.497334852944
    1      5.797731148913      1.719158919136     -2.573407774565
    1      4.026162173877      6.701774509670     -4.296789227403
    6      5.167180834090      5.470137198931     -5.602723694123
    6      5.894221342410      3.310732430120     -4.757209153728
    1      5.144444107121      6.176974346384     -6.423416491066
    6      5.849126990309      4.225661393771     -5.765432741404
    1      6.410197890624      2.368045397991     -4.894720640201
    1      6.333942353467      4.005278574286     -6.709520301827
    0    0
