   3   1   1
  0.787878440037E+01  0.578581344776E+00  0.000000000000E+00
  0.000000000000E+00  0.606000000000E+01  0.000000000000E+00
 -0.592670061426E+01 -0.330132955504E+01  0.145015703632E+02
    2
  0.100000000000E+01  0.000000000000E+00  0.135337788279E-17
 -0.258481892902E-17  0.100000000000E+01 -0.223733260546E-17
  0.000000000000E+00  0.000000000000E+00  0.100000000000E+01
  0.000000000000E+00  0.000000000000E+00  0.000000000000E+00
 -0.100000000000E+01  0.000000000000E+00 -0.135337788279E-17
  0.258481892902E-17 -0.100000000000E+01  0.223733260546E-17
  0.000000000000E+00  0.000000000000E+00 -0.100000000000E+01
  0.000000000000E+00  0.000000000000E+00  0.000000000000E+00
   72
    6     -1.397035468576     -0.996115434613      5.892497336567
    1     -1.460730381264     -0.787526015166      6.954121419331
    6     -0.837117006488     -0.083136854604      5.053113227415
    6     -1.915928673904     -2.228055799292      5.386203769028
    1     -0.468824608187      0.865182485751      5.426150941891
    6     -0.738855691214     -0.336870853128      3.646144557918
    1     -2.379188909826     -2.934887120826      6.065685523360
    6     -1.832861682475     -2.519108240411      4.060247104995
    6     -0.195205390383      0.583029505448      2.765177030557
    6     -1.229306518854     -1.602012385540      3.140311874756
    1     -2.220223550007     -3.454354214222      3.676934101893
    1      0.164922013023      1.532747719507      3.142366080881
    6     -0.095369344115      0.317428423552      1.382579690578
    6     -1.114542841291     -1.886562985338      1.790456229066
    6      0.438944835888      1.245130616541      0.482892159226
    6     -0.550315991912     -0.966125313116      0.882699606951
    1     -1.475786859409     -2.835779024371      1.414553348889
    1      0.788129948570      2.200900959285      0.855579067637
    6      0.550315991912      0.966125313116     -0.882699606951
    6     -0.438944835888     -1.245130616541     -0.482892159226
    6      1.114542841291      1.886562985338     -1.790456229066
    6      0.095369344115     -0.317428423552     -1.382579690578
    1     -0.788129948570     -2.200900959285     -0.855579067637
    1      1.475786859409      2.835779024371     -1.414553348889
    6      1.229306518854      1.602012385540     -3.140311874756
    6      0.195205390383     -0.583029505448     -2.765177030557
    6      1.832861682475      2.519108240411     -4.060247104995
    6      0.738855691214      0.336870853128     -3.646144557918
    1     -0.164922013023     -1.532747719507     -3.142366080881
    1      2.220223550007      3.454354214222     -3.676934101893
    6      1.915928673904      2.228055799292     -5.386203769028
    6      0.837117006488      0.083136854604     -5.053113227415
    1      2.379188909826      2.934887120826     -6.065685523360
    6      1.397035468576      0.996115434613     -5.892497336567
    1      0.468824608187     -0.865182485751     -5.426150941891
    1      1.460730381264      0.787526015166     -6.954121419331
    6      1.978224610598      2.462421083886      5.747246745448
    1      1.464139936732      2.696451194350      6.671922198318
    6      1.952696562633      3.351158086094      4.717935603032
    6      2.692196299453      1.229721851222      5.630609426059
    1      1.427779665535      4.293196964330      4.816836074390
    6      2.627072912997      3.067278430360      3.486565085409
    1      2.719355930391      0.548729012459      6.473458119259
    6      3.328528898262      0.906962626338      4.473815064217
    6      2.651318459648      3.968663455261      2.436072589487
    6      3.305672032602      1.794698824060      3.349397229881
    1      3.863526501980     -0.030098032031      4.381295019732
    1      2.158454333440      4.927379333954      2.545900997541
    6      3.297778990264      3.671097596159      1.217789320123
    6      3.921301720245      1.478142408343      2.150569206667
    6      3.331413376195      4.577986879529      0.153852561238
    6      3.928776680583      2.373945123653      1.060515807142
    1      4.422719844568      0.523682341943      2.045563219556
    1      2.851095246899      5.543053624179      0.268174062610
    6      3.950007719785      4.264636221123     -1.060515807142
    6      4.547371024173      2.060594465247     -0.153852561238
    6      3.957482680123      5.160438936433     -2.150569206667
    6      4.581005410104      2.967483748617     -1.217789320123
    1      5.027689153468      1.095527720597     -0.268174062610
    1      3.456064555799      6.114899002834     -2.045563219556
    6      4.573112367766      4.843882520716     -3.349397229881
    6      5.227465940720      2.669917889515     -2.436072589487
    6      4.550255502106      5.731618718438     -4.473815064217
    6      5.251711487371      3.571302914416     -3.486565085409
    1      5.720330066928      1.711202010822     -2.545900997541
    1      4.015257898388      6.668679376807     -4.381295019732
    6      5.186588100915      5.408859493555     -5.630609426059
    6      5.926087837735      3.287423258682     -4.717935603032
    1      5.159428469977      6.089852332318     -6.473458119259
    6      5.900559789770      4.176160260890     -5.747246745448
    1      6.451004734833      2.345384380446     -4.816836074390
    1      6.414644463636      3.942130150426     -6.671922198318
    2    2
