   3   1   1
  0.787878440037E+01  0.578581344776E+00  0.000000000000E+00
  0.000000000000E+00  0.606000000000E+01  0.000000000000E+00
 -0.592670061426E+01 -0.330132955504E+01  0.145015703632E+02
    1
  0.100000000000E+01  0.000000000000E+00  0.135337788279E-17
 -0.258481892902E-17  0.100000000000E+01 -0.223733260546E-17
  0.000000000000E+00  0.000000000000E+00  0.100000000000E+01
  0.000000000000E+00  0.000000000000E+00  0.000000000000E+00
   72
    6     -1.466948140026     -1.027669265589      6.058914116509
    1     -1.544698417105     -0.810879432711      7.119289846508
    6     -0.916278447394     -0.109945767717      5.218427231062
    6     -1.945975477102     -2.276236458485      5.559509295032
    1     -0.567483091229      0.846703341034      5.588524750626
    6     -0.801095904182     -0.370924551382      3.813518477895
    1     -2.382888044094     -2.995700416612      6.242283642164
    6     -1.861388640283     -2.568343359849      4.232642421333
    6     -0.234469840615      0.539120720677      2.937123166383
    6     -1.291752964251     -1.635605784913      3.307886668321
    1     -2.224189963808     -3.514057618154      3.854395885584
    1      0.145415393263      1.479815634683      3.317134789662
    6     -0.139867878060      0.275114810718      1.552953202223
    6     -1.201858919974     -1.909736808131      1.952872379516
    6      0.426124803203      1.188669471654      0.658872414537
    6     -0.639565095990     -0.987815814264      1.045838941606
    1     -1.567146686263     -2.856568136868      1.576085442821
    1      0.804808321955      2.130363691642      1.035300945173
    6      0.515006261434      0.919823445502     -0.710452395083
    6     -0.546929673715     -1.258343858202     -0.322619718624
    6      1.083823472561      1.837438925982     -1.618552910679
    6      0.017360680117     -0.344346194079     -1.217115176633
    1     -0.915963807365     -2.204699110674     -0.700030268097
    1      1.456033045465      2.782193336594     -1.240790496312
    6      1.176393107058      1.562675000329     -2.970688958333
    6      0.124662932752     -0.613522777726     -2.597484995090
    6      1.749716390163      2.492116319403     -3.897188258534
    6      0.689713897354      0.295181414374     -3.475697191637
    1     -0.241719535487     -1.560463687460     -2.974903501197
    1      2.119456892909      3.436188204981     -3.516699917410
    6      1.828949393436      2.201476079082     -5.222107067276
    6      0.813647974642      0.028489161594     -4.877396188187
    1      2.265483533856      2.918378510270     -5.908254187147
    6      1.356822569796      0.947638344075     -5.720311793348
    1      0.467538315787     -0.929996565096     -5.245608166838
    1      1.440974857423      0.733313291954     -6.777445489365
    6      2.132527074100      2.549126110885      5.616963313592
    1      1.674822198007      2.807778877324      6.564520527500
    6      2.077171323852      3.422434493189      4.575816683602
    6      2.798528739792      1.291254030138      5.479552869847
    1      1.580753130985      4.379315605301      4.685862227691
    6      2.681934340411      3.105605091617      3.316546447234
    1      2.840758578101      0.617424183349      6.328472588733
    6      3.382023618112      0.943700776794      4.302482691976
    6      2.659846843058      3.982344179632      2.247592020772
    6      3.351131035146      1.826722297095      3.175172338125
    1      3.891801833321     -0.006674398809      4.201418223140
    1      2.164195085747      4.939514521394      2.355638010537
    6      3.285576407869      3.675504211146      1.021584634117
    6      3.962779804190      1.508900512178      1.976777351733
    6      3.288929827187      4.566928154268     -0.053335460810
    6      3.959781258162      2.398831150043      0.882231133004
    1      4.472843074585      0.558259002267      1.875233270592
    1      2.788097855697      5.521594676019      0.052584326483
    6      3.936877785760      4.268626554518     -1.256540432590
    6      4.606509506127      2.098496438584     -0.319085037723
    6      3.957197765093      5.170980835044     -2.341758769366
    6      4.617717792345      2.996236862798     -1.392604858818
    1      5.120185829079      1.150121852402     -0.420285619106
    1      3.451194837819      6.123159741105     -2.239378676143
    6      4.617089801337      4.873752162927     -3.524222545317
    6      5.286952087703      2.707912188892     -2.601624686530
    6      4.654900097077      5.790048922494     -4.626372128026
    6      5.301663387339      3.605477447940     -3.656926002419
    1      5.804815229134      1.761550181406     -2.701034074477
    1      4.136198464248      6.734708216198     -4.527385902160
    6      5.332690975635      5.483968425588     -5.766838675908
    6      5.991648259611      3.325500915263     -4.881987722001
    1      5.362961956326      6.191637206559     -6.587768077336
    6      6.010225011624      4.234664766978     -5.895413479671
    1      6.504544462070      2.377642413262     -4.982992552732
    1      6.540994328550      4.006029426942     -6.813307179374
    0    0
