   3   1   1
  0.787878440037E+01  0.578581344776E+00  0.000000000000E+00
  0.000000000000E+00  0.606000000000E+01  0.000000000000E+00
 -0.592670061426E+01 -0.330132955504E+01  0.145015703632E+02
    2
  0.100000000000E+01  0.000000000000E+00  0.135337788279E-17
 -0.258481892902E-17  0.100000000000E+01 -0.223733260546E-17
  0.000000000000E+00  0.000000000000E+00  0.100000000000E+01
  0.000000000000E+00  0.000000000000E+00  0.000000000000E+00
 -0.100000000000E+01  0.000000000000E+00 -0.135337788279E-17
  0.258481892902E-17 -0.100000000000E+01  0.223733260546E-17
  0.000000000000E+00  0.000000000000E+00 -0.100000000000E+01
  0.000000000000E+00  0.000000000000E+00  0.000000000000E+00
   72
    6     -1.390158588018     -1.003091233750      5.893682033325
    1     -1.452524472010     -0.798327818953      6.956008304591
    6     -0.832931646141     -0.086427089979      5.056440575521
    6     -1.912961568602     -2.232315924262      5.385315912962
    1     -0.463830285187      0.860529993847      5.432327800305
    6     -0.740204588622     -0.334102543599      3.647650283853
    1     -2.372625503734     -2.940949045457      6.065062028275
    6     -1.836848688530     -2.517021727482      4.057953502554
    6     -0.200265697291      0.587984670128      2.766035192407
    6     -1.234008960276     -1.597140351972      3.140330157316
    1     -2.227005280357     -3.449724056908      3.671414407651
    1      0.160673955901      1.537413720179      3.143271628053
    6     -0.100366961788      0.322108187229      1.382830877115
    6     -1.120507577601     -1.880884550362      1.790469920965
    6      0.435639944304      1.247152061984      0.481417596601
    6     -0.552635983926     -0.962636665333      0.883178379788
    1     -1.483004727129     -2.829270248865      1.414550814690
    1      0.783849490154      2.204235371375      0.851337353652
    6      0.552635983926      0.962636665333     -0.883178379788
    6     -0.435639944304     -1.247152061984     -0.481417596601
    6      1.120507577601      1.880884550362     -1.790469920965
    6      0.100366961788     -0.322108187229     -1.382830877115
    1     -0.783849490154     -2.204235371375     -0.851337353652
    1      1.483004727129      2.829270248865     -1.414550814690
    6      1.234008960276      1.597140351972     -3.140330157316
    6      0.200265697291     -0.587984670128     -2.766035192407
    6      1.836848688530      2.517021727482     -4.057953502554
    6      0.740204588622      0.334102543599     -3.647650283853
    1     -0.160673955901     -1.537413720179     -3.143271628053
    1      2.227005280357      3.449724056908     -3.671414407651
    6      1.912961568602      2.232315924262     -5.385315912962
    6      0.832931646141      0.086427089979     -5.056440575521
    1      2.372625503734      2.940949045457     -6.065062028275
    6      1.390158588018      1.003091233750     -5.893682033325
    1      0.463830285187     -0.860529993847     -5.432327800305
    1      1.452524472010      0.798327818953     -6.956008304591
    6      2.016707718030      2.487037744448      5.762510897961
    1      1.534628595620      2.737783875018      6.699836283670
    6      2.012110093335      3.383759806345      4.739712026452
    6      2.648668500527      1.213753829983      5.614838084635
    1      1.527652073515      4.346179632063      4.852110875452
    6      2.637591474801      3.073535679636      3.488985837517
    1      2.633885561659      0.513679180765      6.442242735499
    6      3.277995962142      0.885383291915      4.455781778623
    6      2.611916994424      3.949646465124      2.417795389264
    6      3.309627719073      1.797636014555      3.351175144102
    1      3.773711593934     -0.071355656591      4.349203100634
    1      2.094813362964      4.896304197089      2.516955010847
    6      3.256537818123      3.650380970310      1.199467759639
    6      3.965564479503      1.499204236255      2.168942921404
    6      3.235676642350      4.532123043243      0.114413619192
    6      3.974452586672      2.395443355348      1.078866015691
    1      4.479296634672      0.550422084279      2.069288649058
    1      2.704878575160      5.471947295762      0.208744840468
    6      3.904331813696      4.243137989428     -1.078866015691
    6      4.643107758018      2.106458301533     -0.114413619192
    6      3.913219920865      5.139377108522     -2.168942921404
    6      4.622246582244      2.988200374466     -1.199467759639
    1      5.173905825208      1.166634049014     -0.208744840468
    1      3.399487765696      6.088159260497     -2.069288649058
    6      4.569156681295      4.840945330221     -3.351175144102
    6      5.266867405944      2.688934879652     -2.417795389264
    6      4.600788438226      5.753198052861     -4.455781778623
    6      5.241192925567      3.565045665140     -3.488985837517
    1      5.783971037404      1.742277147687     -2.516955010847
    1      4.105072806433      6.709937001367     -4.349203100634
    6      5.230115899840      5.424827514793     -5.614838084635
    6      5.866674307033      3.254821538431     -4.739712026452
    1      5.244898838709      6.124902164011     -6.442242735499
    6      5.862076682337      4.151543600328     -5.762510897961
    1      6.351132326852      2.292401712713     -4.852110875452
    1      6.344155804748      3.900797469758     -6.699836283670
    2    2
