   3   1   1
  0.787878440037E+01  0.578581344776E+00  0.000000000000E+00
  0.000000000000E+00  0.606000000000E+01  0.000000000000E+00
 -0.592670061426E+01 -0.330132955504E+01  0.145015703632E+02
    2
  0.100000000000E+01  0.000000000000E+00  0.135337788279E-17
 -0.258481892902E-17  0.100000000000E+01 -0.223733260546E-17
  0.000000000000E+00  0.000000000000E+00  0.100000000000E+01
  0.000000000000E+00  0.000000000000E+00  0.000000000000E+00
 -0.100000000000E+01  0.000000000000E+00 -0.135337788279E-17
  0.258481892902E-17 -0.100000000000E+01  0.223733260546E-17
  0.000000000000E+00  0.000000000000E+00 -0.100000000000E+01
  0.000000000000E+00  0.000000000000E+00  0.000000000000E+00
   72
    6     -1.398817162181     -0.987749966631      5.891376238834
    1     -1.469853567483     -0.775931326483      6.951655644225
    6     -0.812664829409     -0.087300206614      5.055753203928
    6     -1.930083533171     -2.214861716310      5.384490060371
    1     -0.428508313339      0.855027184723      5.429526070529
    6     -0.711271255108     -0.344496381691      3.649817597245
    1     -2.394010432417     -2.919797271034      6.065633629823
    6     -1.859083096483     -2.502084453163      4.056947039138
    6     -0.121971997397      0.553398442765      2.776180561252
    6     -1.252527456267     -1.587288775351      3.136693584210
    1     -2.256837933931     -3.433105879821      3.672238415792
    1      0.278702166467      1.484517071322      3.158894674792
    6     -0.047396884628      0.297175369890      1.389877929176
    6     -1.180651233781     -1.854171096117      1.780380810907
    6      0.531969836066      1.203229003653      0.497163108727
    6     -0.594088910821     -0.944739287758      0.875855839228
    1     -1.581427746033     -2.785935517294      1.398245684605
    1      0.933744868484      2.134786067428      0.877577493523
    6      0.594088910821      0.944739287758     -0.875855839228
    6     -0.531969836066     -1.203229003653     -0.497163108727
    6      1.180651233781      1.854171096117     -1.780380810907
    6      0.047396884628     -0.297175369890     -1.389877929176
    1     -0.933744868484     -2.134786067428     -0.877577493523
    1      1.581427746033      2.785935517294     -1.398245684605
    6      1.252527456267      1.587288775351     -3.136693584210
    6      0.121971997397     -0.553398442765     -2.776180561252
    6      1.859083096483      2.502084453163     -4.056947039138
    6      0.711271255108      0.344496381691     -3.649817597245
    1     -0.278702166467     -1.484517071322     -3.158894674792
    1      2.256837933931      3.433105879821     -3.672238415792
    6      1.930083533171      2.214861716310     -5.384490060371
    6      0.812664829409      0.087300206614     -5.055753203928
    1      2.394010432417      2.919797271034     -6.065633629823
    6      1.398817162181      0.987749966631     -5.891376238834
    1      0.428508313339     -0.855027184723     -5.429526070529
    1      1.469853567483      0.775931326483     -6.951655644225
    6      1.997023231160      2.475694801766      5.755051552495
    1      1.502138050105      2.720046114709      6.687189081299
    6      1.999680360566      3.376810192032      4.735995279325
    6      2.646884970552      1.211173384978      5.614010248763
    1      1.510049151589      4.336493967943      4.847187588845
    6      2.643735951511      3.076449390894      3.492598392261
    1      2.640021556450      0.514076982977      6.443910706725
    6      3.278504390214      0.884741658203      4.455841963268
    6      2.651105441053      3.968711576795      2.434731254492
    6      3.300365627186      1.792924619522      3.347921458250
    1      3.781534749879     -0.068205334567      4.351711963983
    1      2.155100292535      4.925692867547      2.542597247154
    6      3.287432606016      3.665674857218      1.212615881172
    6      3.932727510023      1.483657586442      2.156155977642
    6      3.295979244417      4.561035354202      0.138890138768
    6      3.948294727752      2.382949107802      1.068721273912
    1      4.430575609623      0.527398944171      2.050076950962
    1      2.797963942093      5.517032739083      0.246525524454
    6      3.930489672615      4.255632236974     -1.068721273912
    6      4.582805155951      2.077545990574     -0.138890138768
    6      3.946056890345      5.154923758334     -2.156155977642
    6      4.591351794351      2.972906487558     -1.212615881172
    1      5.080820458275      1.121548605693     -0.246525524454
    1      3.448208790744      6.111182400605     -2.050076950962
    6      4.578418773182      4.845656725254     -3.347921458250
    6      5.227678959315      2.669869767981     -2.434731254492
    6      4.600280010154      5.753839686573     -4.455841963268
    6      5.235048448857      3.562131953882     -3.492598392261
    1      5.723684107832      1.712888477230     -2.542597247154
    1      4.097249650489      6.706786679343     -4.351711963983
    6      5.231899429815      5.427407959798     -5.614010248763
    6      5.879104039801      3.261771152744     -4.735995279325
    1      5.238762843918      6.124504361799     -6.443910706725
    6      5.881761169208      4.162886543010     -5.755051552495
    1      6.368735248779      2.302087376833     -4.847187588845
    1      6.376646350263      3.918535230067     -6.687189081299
    2    2
