   3   1   1
  0.787878440037E+01  0.578581344776E+00  0.000000000000E+00
  0.000000000000E+00  0.606000000000E+01  0.000000000000E+00
 -0.592670061426E+01 -0.330132955504E+01  0.145015703632E+02
    1
  0.100000000000E+01  0.000000000000E+00  0.135337788279E-17
 -0.258481892902E-17  0.100000000000E+01 -0.223733260546E-17
  0.000000000000E+00  0.000000000000E+00  0.100000000000E+01
  0.000000000000E+00  0.000000000000E+00  0.000000000000E+00
   72
    6     -1.470666654245     -0.924656665572      5.874337696422
    1     -1.573744400551     -0.684098492635      6.926308944669
    6     -0.892485578612     -0.034137335624      5.023668764864
    6     -1.943751789780     -2.184072037158      5.391252870374
    1     -0.540842461937      0.928402224669      5.377467227152
    6     -0.745733243605     -0.334025448923      3.629820205286
    1     -2.403415845162     -2.882203493611      6.082597171776
    6     -1.828935812419     -2.511031220368      4.074190331872
    6     -0.159963468081      0.554300129563      2.746995415989
    6     -1.230969938074     -1.606903911890      3.136845262499
    1     -2.191915008068     -3.464192937904      3.711422171602
    1      0.209653478641      1.504934535840      3.112440326280
    6     -0.044207659930      0.264482190547      1.371857680410
    6     -1.118193372178     -1.907115845863      1.787717904188
    6      0.526228864186      1.173575067243      0.480501842428
    6     -0.540850072895     -1.001842416427      0.869888310851
    1     -1.488072614543     -2.857593791445      1.422707000499
    1      0.894845375278      2.119296619456      0.856753910908
    6      0.613721284529      0.905796843339     -0.886403025838
    6     -0.446825612732     -1.273438262613     -0.500990290732
    6      1.167489020357      1.840059888250     -1.783707386006
    6      0.113020898247     -0.354978814251     -1.398210698447
    1     -0.825926754043     -2.215766182860     -0.878577302361
    1      1.535107117185      2.781167682017     -1.394168938633
    6      1.237176133235      1.591376873352     -3.141730364155
    6      0.199169305286     -0.598343368840     -2.787612745483
    6      1.782169218027      2.549428458885     -4.055640347996
    6      0.745076557930      0.332080516833     -3.659395464246
    1     -0.177481450109     -1.535344786303     -3.179597964579
    1      2.151731848649      3.486052885231     -3.659673631392
    6      1.831173080758      2.293640500409     -5.390363491933
    6      0.837440843424      0.104297593687     -5.072154654385
    1      2.244955732788      3.031875433272     -6.067940657536
    6      1.353104055578      1.050650944092     -5.904888213435
    1      0.494178945079     -0.848297681462     -5.456665690312
    1      1.411928873977      0.860094232030     -6.970426391203
    6      2.068184196446      2.525992344785      5.792485110748
    1      1.596801086969      2.785377046674      6.733170980274
    6      2.021939696378      3.397901985127      4.749113808015
    6      2.732250196611      1.267868659145      5.661621472281
    1      1.521220543385      4.353447467340      4.849745586364
    6      2.634211155274      3.073833657100      3.494753492307
    1      2.758332077761      0.591380480902      6.508196936204
    6      3.324882435189      0.915542680534      4.489021156502
    6      2.608082240876      3.943765490608      2.419709210388
    6      3.301889158110      1.795250059149      3.358370814313
    1      3.829359922515     -0.037269916106      4.390300930497
    1      2.109500841314      4.899840737000      2.521160990977
    6      3.233322848530      3.628663377919      1.195211797533
    6      3.910011237332      1.467360709054      2.157561680063
    6      3.232907532315      4.518720786627      0.118766955562
    6      3.906851569967      2.352237954562      1.057784109476
    1      4.413987519422      0.513392146747      2.059510633202
    1      2.728980172753      5.471147398961      0.223943805751
    6      3.883948097565      4.222033359037     -1.080987456119
    6      4.550487211255      2.050289070944     -0.146982621351
    6      3.904429198235      5.129441031919     -2.160974441037
    6      4.565464233006      2.949396029571     -1.218977695401
    1      5.061068146135      1.099674575344     -0.248926139839
    1      3.392339282656      6.078292885585     -2.055101313533
    6      4.567847924301      4.842279924981     -3.341024069130
    6      5.235187485522      2.669333499869     -2.429507496914
    6      4.597758914153      5.761890826234     -4.439833663500
    6      5.253940202202      3.573706013423     -3.478718957346
    1      5.750120984701      1.721876397012     -2.535511094037
    1      4.073756553442      6.704112698901     -4.338503194803
    6      5.266412432454      5.460583054596     -5.584770073474
    6      5.936416632136      3.300968407201     -4.708690597587
    1      5.280535455985      6.165593504113     -6.408043729865
    6      5.945882133970      4.211531000877     -5.719891682514
    1      6.445011874470      2.351774275302     -4.819109194059
    1      6.462973217512      3.983627596293     -6.644656726599
    0    0
