   3   1   1
  0.787878440037E+01  0.578581344776E+00  0.000000000000E+00
  0.000000000000E+00  0.606000000000E+01  0.000000000000E+00
 -0.592670061426E+01 -0.330132955504E+01  0.145015703632E+02
    1
  0.100000000000E+01  0.000000000000E+00  0.135337788279E-17
 -0.258481892902E-17  0.100000000000E+01 -0.223733260546E-17
  0.000000000000E+00  0.000000000000E+00  0.100000000000E+01
  0.000000000000E+00  0.000000000000E+00  0.000000000000E+00
   72
    6     -1.509353954262     -1.058486598782      6.189298977951
    1     -1.584639023038     -0.840747658129      7.250923110937
    6     -0.955798140717     -0.141312086187      5.349747314331
    6     -1.991038457065     -2.305024275469      5.689432038342
    1     -0.605968608920      0.814629800082      5.720570895042
    6     -0.843985531731     -0.400090796705      3.943602587154
    1     -2.428096743955     -3.025474595214      6.370907639198
    6     -1.904390031186     -2.597695940818      4.361815027500
    6     -0.276752948224      0.510470882103      3.067906899617
    6     -1.336174334004     -1.663689083794      3.437730658419
    1     -2.264519300033     -3.544042624022      3.984431738879
    1      0.108331766302      1.448760664095      3.448917048895
    6     -0.187041458798      0.248456032235      1.682273621602
    6     -1.247310573443     -1.937576396645      2.081608051542
    6      0.379606733994      1.161840106895      0.788352510116
    6     -0.687528695984     -1.013997488086      1.174985510919
    1     -1.609932974687     -2.885207479735      1.705196739917
    1      0.762005920517      2.101739513225      1.164402896890
    6      0.467042661440      0.893641771681     -0.581305825769
    6     -0.593447742924     -1.285173222961     -0.193139623045
    6      1.038371819092      1.809599337468     -1.489817238653
    6     -0.029812900621     -0.371004972562     -1.087794757255
    1     -0.958766208803     -2.233323289091     -0.570928316379
    1      1.413246757040      2.753553993727     -1.111679199216
    6      1.131971737305      1.534591701449     -2.840844968236
    6      0.082379825143     -0.642172616300     -2.466701261856
    6      1.706714999260      2.462763738435     -3.768015652368
    6      0.646824269805      0.266015169051     -3.345613082378
    1     -0.278803162448     -1.591518658048     -2.843121241964
    1      2.079127556683      3.406203199112     -3.386664064115
    6      1.783886413474      2.172688262097     -5.092184323965
    6      0.774128281320     -0.002877156876     -4.746076104917
    1      2.220274833995      2.888604331668     -5.779630190113
    6      1.314416755561      0.916821010883     -5.589926931906
    1      0.429052798096     -0.962070106048     -5.113562022422
    1      1.401034251490      0.703445066536     -6.645812224935
    6      2.234172537601      2.605041630528      5.509741112682
    1      1.804602427111      2.875253142180      6.468720791601
    6      2.150347759222      3.464543225071      4.457920066571
    6      2.895733458501      1.343870126071      5.368928348231
    1      1.660274717733      4.424898654069      4.571446898525
    6      2.722294580826      3.133522969285      3.185477230915
    1      2.965881029777      0.683070564200      6.228626237891
    6      3.442917980736      0.980347048447      4.177763290031
    6      2.686037050611      4.002242568835      2.111265430806
    6      3.385570129426      1.850555344608      3.040764332662
    1      3.949260074894      0.027770870611      4.075898556686
    1      2.198938182760      4.963574852411      2.222637098083
    6      3.295014343282      3.688272956064      0.878716681710
    6      3.978641968310      1.524803814454      1.836234749653
    6      3.295343106058      4.577264625525     -0.196742613621
    6      3.966664208348      2.409950507212      0.738096663673
    1      4.490268746215      0.574754306340      1.735012589871
    1      2.799457081098      5.534353969245     -0.089005611954
    6      3.943760735946      4.279745911687     -1.400674901922
    6      4.612922784997      2.108832909842     -0.462492190533
    6      3.973059929213      5.186884137319     -2.482301371446
    6      4.627155727758      3.009005607716     -1.535472811224
    1      5.131545054481      1.162881145629     -0.561875557543
    1      3.468620509449      6.139655045178     -2.379599356864
    6      4.651528895617      4.897585210439     -3.658630550780
    6      5.313142295256      2.727810578095     -2.737951276496
    6      4.715794459701      5.826695194146     -4.751091529972
    6      5.342023627754      3.633395325607     -3.787995218738
    1      5.839558326147      1.785610512423     -2.834034986931
    1      4.193656705821      6.769153485617     -4.652905568614
    6      5.429895694344      5.536584521521     -5.877463197524
    6      6.064824694981      3.367609647145     -4.999884339032
    1      5.488084408001      6.257283587410     -6.687614428178
    6      6.111870475125      4.290580286620     -6.002635680581
    1      6.584066048819      2.423225462031     -5.097407881898
    1      6.670774557654      4.073503691799     -6.909106915273
    0    0
