   3   1   1
  0.787878440037E+01  0.578581344776E+00  0.000000000000E+00
  0.000000000000E+00  0.606000000000E+01  0.000000000000E+00
 -0.592670061426E+01 -0.330132955504E+01  0.145015703632E+02
    2
  0.100000000000E+01  0.000000000000E+00  0.135337788279E-17
 -0.258481892902E-17  0.100000000000E+01 -0.223733260546E-17
  0.000000000000E+00  0.000000000000E+00  0.100000000000E+01
  0.000000000000E+00  0.000000000000E+00  0.000000000000E+00
 -0.100000000000E+01  0.000000000000E+00 -0.135337788279E-17
  0.258481892902E-17 -0.100000000000E+01  0.223733260546E-17
  0.000000000000E+00  0.000000000000E+00 -0.100000000000E+01
  0.000000000000E+00  0.000000000000E+00  0.000000000000E+00
   72
    6     -1.486418457915     -1.178913455668      5.842245788819
    1     -1.571575026138     -0.998178816192      6.908233881467
    6     -0.933662727114     -0.231282571081      5.036196650151
    6     -1.962517200386     -2.409850668277      5.296155845691
    1     -0.586761459238      0.712466770412      5.440519481011
    6     -0.803167177281     -0.446926531857      3.623464866097
    1     -2.403204278588     -3.152628589275      5.950777966970
    6     -1.873188204604     -2.653570683335      3.960520617415
    6     -0.220752341065      0.489027119076      2.784018877421
    6     -1.291671352816     -1.692582768835      3.070455969868
    1     -2.237760863907     -3.583706748415      3.546785704209
    1      0.152925749787      1.417356834120      3.199491802900
    6     -0.100650684023      0.266122888492      1.393820882226
    6     -1.184992003120     -1.922898775396      1.708353946289
    6      0.487173227313      1.204721028240      0.538074496291
    6     -0.599671176203     -0.976525106024      0.838662890088
    1     -1.552515346461     -2.854251105006      1.295433791776
    1      0.860561122024      2.134161591523      0.950776811721
    6      0.599671176203      0.976525106024     -0.838662890088
    6     -0.487173227313     -1.204721028240     -0.538074496291
    6      1.184992003120      1.922898775396     -1.708353946289
    6      0.100650684023     -0.266122888492     -1.393820882226
    1     -0.860561122024     -2.134161591523     -0.950776811721
    1      1.552515346461      2.854251105006     -1.295433791776
    6      1.291671352816      1.692582768835     -3.070455969868
    6      0.220752341065     -0.489027119076     -2.784018877421
    6      1.873188204604      2.653570683335     -3.960520617415
    6      0.803167177281      0.446926531857     -3.623464866097
    1     -0.152925749787     -1.417356834120     -3.199491802900
    1      2.237760863907      3.583706748415     -3.546785704209
    6      1.962517200386      2.409850668277     -5.296155845691
    6      0.933662727114      0.231282571081     -5.036196650151
    1      2.403204278588      3.152628589275     -5.950777966970
    6      1.486418457915      1.178913455668     -5.842245788819
    1      0.586761459238     -0.712466770412     -5.440519481011
    1      1.571575026138      0.998178816192     -6.908233881467
    6      1.975496997399      2.519381997202      5.757771662275
    1      1.498580163338      2.780846182497      6.695501580697
    6      1.943279277970      3.392760518800      4.714756584049
    6      2.640659181554      1.261400049739      5.634078121529
    1      1.442584676899      4.347942765741      4.811654146383
    6      2.579762810377      3.076006315809      3.470270743503
    1      2.660111256661      0.585803735981      6.481962167045
    6      3.252126488292      0.912263678714      4.470096848681
    6      2.587462076866      3.959467851689      2.403740597965
    6      3.250114740680      1.798560944962      3.343005081559
    1      3.762817692169     -0.038381922091      4.378074195091
    1      2.086531977457      4.914734768790      2.501381475534
    6      3.250608711694      3.657694559788      1.195012664824
    6      3.890838248199      1.481466337873      2.156422563583
    6      3.286899014041      4.558309420257      0.124498095092
    6      3.921139679212      2.379219149962      1.066130527746
    1      4.397915373550      0.528620119434      2.063120229963
    1      2.783405376301      5.512535131703      0.221046508870
    6      3.957644721156      4.259362194814     -1.066130527746
    6      4.591885386326      2.080271924520     -0.124498095092
    6      3.987946152169      5.157115006903     -2.156422563583
    6      4.628175688674      2.980886784988     -1.195012664824
    1      5.095379024067      1.126046213073     -0.221046508870
    1      3.480869026817      6.109961225342     -2.063120229963
    6      4.628669659687      4.840020399815     -3.343005081559
    6      5.291322323502      2.679113493088     -2.403740597965
    6      4.626657912076      5.726317666062     -4.470096848681
    6      5.299021589991      3.562575028967     -3.470270743503
    1      5.792252422910      1.723846575986     -2.501381475534
    1      4.115966708198      6.676963266868     -4.378074195091
    6      5.238125218814      5.377181295037     -5.634078121529
    6      5.935505122398      3.245820825976     -4.714756584049
    1      5.218673143707      6.052777608795     -6.481962167045
    6      5.903287402968      4.119199347574     -5.757771662275
    1      6.436199723469      2.290638579035     -4.811654146383
    1      6.380204237030      3.857735162279     -6.695501580697
    2    2
