   3   1   1
  0.787878440037E+01  0.578581344776E+00  0.000000000000E+00
  0.000000000000E+00  0.606000000000E+01  0.000000000000E+00
 -0.592670061426E+01 -0.330132955504E+01  0.145015703632E+02
    2
  0.100000000000E+01  0.000000000000E+00  0.135337788279E-17
 -0.258481892902E-17  0.100000000000E+01 -0.223733260546E-17
  0.000000000000E+00  0.000000000000E+00  0.100000000000E+01
  0.000000000000E+00  0.000000000000E+00  0.000000000000E+00
 -0.100000000000E+01  0.000000000000E+00 -0.135337788279E-17
  0.258481892902E-17 -0.100000000000E+01  0.223733260546E-17
  0.000000000000E+00  0.000000000000E+00 -0.100000000000E+01
  0.000000000000E+00  0.000000000000E+00  0.000000000000E+00
   72
    6     -1.433612121804     -0.972216375914      5.885543876532
    1     -1.533148802518     -0.745864905712      6.940727031282
    6     -0.896994775896     -0.052007839331      5.039382843727
    6     -1.861963301936     -2.245396613305      5.396300449345
    1     -0.571191121829      0.916169912283      5.401805117160
    6     -0.750605212914     -0.332003422157      3.641565385679
    1     -2.275746074216     -2.973129881425      6.085475801036
    6     -1.774256341916     -2.543437951770      4.071877177314
    6     -0.158867076076      0.564658828275      2.768572969065
    6     -1.234137111033     -1.601140433271      3.138245469339
    1     -2.116641576360     -3.500521766227      3.699681395343
    1      0.226460972850      1.502865601964      3.148766662806
    6     -0.056861596389      0.297352817569      1.387237501741
    6     -1.165174814934     -1.866291183751      1.780955369230
    6      0.537414532613      1.199861267872      0.500074536560
    6     -0.601935373498     -0.945002594434      0.873112956901
    1     -1.540175004599     -2.809491224597      1.402325124442
    1      0.936922639166      2.130827430941      0.883993859618
    6      0.601935373498      0.945002594434     -0.873112956901
    6     -0.537414532613     -1.199861267872     -0.500074536560
    6      1.165174814934      1.866291183751     -1.780955369230
    6      0.056861596389     -0.297352817569     -1.387237501741
    1     -0.936922639166     -2.130827430941     -0.883993859618
    1      1.540175004599      2.809491224597     -1.402325124442
    6      1.234137111033      1.601140433271     -3.138245469339
    6      0.158867076076     -0.564658828275     -2.768572969065
    6      1.774256341916      2.543437951770     -4.071877177314
    6      0.750605212914      0.332003422157     -3.641565385679
    1     -0.226460972850     -1.502865601964     -3.148766662806
    1      2.116641576360      3.500521766227     -3.699681395343
    6      1.861963301936      2.245396613305     -5.396300449345
    6      0.896994775896      0.052007839331     -5.039382843727
    1      2.275746074216      2.973129881425     -6.085475801036
    6      1.433612121804      0.972216375914     -5.885543876532
    1      0.571191121829     -0.916169912283     -5.401805117160
    1      1.533148802518      0.745864905712     -6.940727031282
    6      1.984378744813      2.466004944235      5.749865895302
    1      1.477983674205      2.702546920139      6.677991423204
    6      1.952197371275      3.351755116357      4.718092379150
    6      2.695953663998      1.232113119343      5.631553461120
    1      1.427340995767      4.294074904751      4.816743904971
    6      2.621463878638      3.065173308817      3.484486612136
    1      2.722695460484      0.550689140801      6.473997930570
    6      3.327911959261      0.906849907161      4.473073041380
    6      2.639762161299      3.963366870391      2.431421318038
    6      3.303197915104      1.793915464389      3.348219739341
    1      3.860676175506     -0.031445613639      4.379601024666
    1      2.143350894016      4.920241487675      2.539717074168
    6      3.290105197768      3.667467722814      1.214721733296
    6      3.918801959962      1.477296785656      2.149593199695
    6      3.325528079078      4.574890017217      0.151335957720
    6      3.927235286098      2.373342584954      1.059905549903
    1      4.421136002462      0.523258521660      2.045323297676
    1      2.841817851826      5.538106872631      0.264125105121
    6      3.951549114269      4.265238759823     -1.059905549903
    6      4.553256321290      2.063691327559     -0.151335957720
    6      3.959982440405      5.161284559120     -2.149593199695
    6      4.588679202599      2.971113621962     -1.214721733296
    1      5.036966548542      1.100474472145     -0.264125105121
    1      3.457648397905      6.115322823116     -2.045323297676
    6      4.575586485264      4.844665880387     -3.348219739341
    6      5.239022239069      2.675214474385     -2.431421318038
    6      4.550872441107      5.731731437615     -4.473073041380
    6      5.257320521729      3.573408035959     -3.484486612136
    1      5.735433506351      1.718339857101     -2.539717074168
    1      4.018108224861      6.670026958415     -4.379601024666
    6      5.182830736370      5.406468225433     -5.631553461120
    6      5.926587029093      3.286826228419     -4.718092379150
    1      5.156088939883      6.087892203975     -6.473997930570
    6      5.894405655554      4.172576400541     -5.749865895302
    1      6.451443404601      2.344506440025     -4.816743904971
    1      6.400800726163      3.936034424637     -6.677991423204
    2    2
