   3   1   1
  0.787878440037E+01  0.578581344776E+00  0.000000000000E+00
  0.000000000000E+00  0.606000000000E+01  0.000000000000E+00
 -0.592670061426E+01 -0.330132955504E+01  0.145015703632E+02
    1
  0.100000000000E+01  0.000000000000E+00  0.135337788279E-17
 -0.258481892902E-17  0.100000000000E+01 -0.223733260546E-17
  0.000000000000E+00  0.000000000000E+00  0.100000000000E+01
  0.000000000000E+00  0.000000000000E+00  0.000000000000E+00
   72
    6     -1.356822569796     -0.947638344075      5.720311793348
    1     -1.440974857423     -0.733313291954      6.777445489365
    6     -0.813647974642     -0.028489161594      4.877396188187
    6     -1.828949393436     -2.201476079082      5.222107067276
    1     -0.467538315787      0.929996565096      5.245608166838
    6     -0.689713897354     -0.295181414374      3.475697191637
    1     -2.265483533856     -2.918378510270      5.908254187147
    6     -1.749716390163     -2.492116319403      3.897188258534
    6     -0.124662932752      0.613522777726      2.597484995090
    6     -1.176393107058     -1.562675000329      2.970688958333
    1     -2.119456892909     -3.436188204981      3.516699917410
    1      0.241719535487      1.560463687460      2.974903501197
    6     -0.017360680117      0.344346194079      1.217115176633
    6     -1.083823472561     -1.837438925982      1.618552910679
    6      0.546929673715      1.258343858202      0.322619718624
    6     -0.515006261434     -0.919823445502      0.710452395083
    1     -1.456033045465     -2.782193336594      1.240790496312
    1      0.915963807365      2.204699110674      0.700030268097
    6      0.639565095990      0.987815814264     -1.045838941606
    6     -0.426124803203     -1.188669471654     -0.658872414537
    6      1.201858919974      1.909736808131     -1.952872379516
    6      0.139867878060     -0.275114810718     -1.552953202223
    1     -0.804808321955     -2.130363691642     -1.035300945173
    1      1.567146686263      2.856568136868     -1.576085442821
    6      1.291752964251      1.635605784913     -3.307886668321
    6      0.234469840615     -0.539120720677     -2.937123166383
    6      1.861388640283      2.568343359849     -4.232642421333
    6      0.801095904182      0.370924551382     -3.813518477895
    1     -0.145415393263     -1.479815634683     -3.317134789662
    1      2.224189963808      3.514057618154     -3.854395885584
    6      1.945975477102      2.276236458485     -5.559509295032
    6      0.916278447394      0.109945767717     -5.218427231062
    1      2.382888044094      2.995700416612     -6.242283642164
    6      1.466948140026      1.027669265589     -6.058914116509
    1      0.567483091229     -0.846703341034     -5.588524750626
    1      1.544698417105      0.810879432711     -7.119289846508
    6      1.868559388744      2.403916577798      5.895413479671
    1      1.337790071818      2.632551917834      6.813307179374
    6      1.887136140757      3.313080429513      4.881987722001
    6      2.546093424733      1.154612919188      5.766838675908
    1      1.374239938298      4.260938931514      4.982992552732
    6      2.577121013029      3.033103896836      3.656926002419
    1      2.515822444042      0.446944138217      6.587768077336
    6      3.223884303290      0.848532422282      4.626372128026
    6      2.591832312664      3.930669155884      2.601624686530
    6      3.261694599031      1.764829181849      3.524222545317
    1      3.742585936120     -0.096126871422      4.527385902160
    1      2.073969171233      4.877031163371      2.701034074477
    6      3.261066608023      3.642344481978      1.392604858818
    6      3.921586635275      1.467600509733      2.341758769366
    6      3.272274894241      4.540084906192      0.319085037723
    6      3.941906614608      2.369954790258      1.256540432590
    1      4.427589562549      0.515421603672      2.239378676143
    1      2.758598571289      5.488459492374      0.420285619106
    6      3.919003142206      4.239750194733     -0.882231133004
    6      4.589854573180      2.071653190508      0.053335460810
    6      3.916004596177      5.129680832598     -1.976777351733
    6      4.593207992499      2.963077133630     -1.021584634117
    1      5.090686544671      1.116986668757     -0.052584326483
    1      3.405941325783      6.080322342509     -1.875233270592
    6      4.527653365222      4.811859047681     -3.175172338125
    6      5.218937557310      2.656237165144     -2.247592020772
    6      4.496760782255      5.694880567982     -4.302482691976
    6      5.196850059957      3.532976253159     -3.316546447234
    1      5.714589314621      1.699066823382     -2.355638010537
    1      3.986982567047      6.645255743585     -4.201418223140
    6      5.080255660576      5.347327314638     -5.479552869847
    6      5.801613076516      3.216146851587     -4.575816683602
    1      5.038025822267      6.021157161427     -6.328472588733
    6      5.746257326268      4.089455233891     -5.616963313592
    1      6.298031269383      2.259265739475     -4.685862227691
    1      6.203962202360      3.830802467453     -6.564520527500
    0    0
