   3   1   1
  0.787878440037E+01  0.578581344776E+00  0.000000000000E+00
  0.000000000000E+00  0.606000000000E+01  0.000000000000E+00
 -0.592670061426E+01 -0.330132955504E+01  0.145015703632E+02
    1
  0.100000000000E+01  0.000000000000E+00  0.135337788279E-17
 -0.258481892902E-17  0.100000000000E+01 -0.223733260546E-17
  0.000000000000E+00  0.000000000000E+00  0.100000000000E+01
  0.000000000000E+00  0.000000000000E+00  0.000000000000E+00
   72
    6     -1.356438422072     -0.947359174612      5.719130657017
    1     -1.440613041640     -0.733042720311      6.776253043944
    6     -0.813289971841     -0.028205018957      4.876206579826
    6     -1.828541174858     -2.201215294692      5.220930117202
    1     -0.467189681423      0.930287114352      5.244411981201
    6     -0.689325366839     -0.294917201860      3.474518779773
    1     -2.265073995223     -2.918108790583      5.907089002216
    6     -1.749326847202     -2.491850418904      3.896018103837
    6     -0.124279896608      0.613782312191      2.596300245441
    6     -1.175990700727     -1.562420598060      2.969512721672
    1     -2.119091555678     -3.435916575442      3.515521942690
    1      0.242055470339      1.560745009644      2.973709706056
    6     -0.016933341932      0.344587691838      1.215943682919
    6     -1.083411733049     -1.837186731447      1.617386714101
    6      0.547351073722      1.258586901276      0.321446778428
    6     -0.514571766586     -0.919586269761      0.709282476250
    1     -1.455645451083     -2.781933897208      1.239620897004
    1      0.916351547712      2.204958412687      0.698860753448
    6      0.639999590838      0.988052990005     -1.047008860439
    6     -0.425703403196     -1.188426428580     -0.660045354733
    6      1.202270659486      1.909989002666     -1.954038576094
    6      0.140295216245     -0.274873312960     -1.554124695938
    1     -0.804420581608     -2.130104389629     -1.036470459822
    1      1.567534280644      2.856827576254     -1.577255042129
    6      1.292155370582      1.635860187182     -3.309062904982
    6      0.234852876759     -0.538861186213     -2.938307916031
    6      1.861778183245      2.568609260349     -4.233812576031
    6      0.801484434697      0.371188763896     -3.814696889758
    1     -0.145079458412     -1.479534312499     -3.318328584803
    1      2.224555301038      3.514329247693     -3.855573860304
    6      1.946383695680      2.276497242874     -5.560686245106
    6      0.916636450195      0.110229910353     -5.219616839423
    1      2.383297582727      2.995970136299     -6.243448827096
    6      1.467332287751      1.027948435053     -6.060095252840
    1      0.567831725593     -0.846412791778     -5.589720936263
    1      1.545060232888      0.811150004354     -7.120482291929
    6      1.867638598183      2.403410047738      5.896384789035
    1      1.336614412758      2.631940678885      6.814175014392
    6      1.886473246726      3.312698973011      4.883055729253
    6      2.545212862193      1.154136278098      5.767840806371
    1      1.373519564520      4.260526001712      4.984029023535
    6      2.576755395842      3.032850993092      3.658113338215
    1      2.514688979069      0.446349457787      6.588672570014
    6      3.223332670660      0.848200449365      4.627501941834
    6      2.591595059617      3.930488899448      2.602859648062
    6      3.261382620592      1.764613281951      3.525440126688
    1      3.742065430780     -0.096438905800      4.528522965440
    1      2.073654438881      4.876813204546      2.702238909210
    6      3.260981111223      3.642228811889      1.393899077542
    6      3.921442942379      1.467456444172      2.343031923101
    6      3.272216797338      4.539991269695      0.320384140980
    6      3.941844263025      2.369854061718      1.257846124496
    1      4.427431706080      0.515272175259      2.240648913642
    1      2.758495669819      5.488343907906      0.421568260500
    6      3.918940790623      4.239649466193     -0.880925441098
    6      4.589796476277      2.071559554011      0.054634564068
    6      3.915860903282      5.129536767038     -1.975504197998
    6      4.593122495699      2.962961463541     -1.020290415392
    1      5.090583643201      1.116871084290     -0.051301685090
    1      3.405783469313      6.080172914096     -1.873963033093
    6      4.527341386783      4.811643147783     -3.173954756754
    6      5.218700304263      2.656056908709     -2.246357059240
    6      4.496209149625      5.694548595065     -4.301352878169
    6      5.196484442770      3.532723349415     -3.315359111438
    1      5.714274582269      1.698848864558     -2.354433175804
    1      3.986462061707      6.644943709207     -4.200281159860
    6      5.079375098036      5.346850673548     -5.478550739384
    6      5.800950182485      3.215765395086     -4.574748676349
    1      5.036892357294      6.020562480998     -6.327568096055
    6      5.745336535706      4.088948703831     -5.615992004227
    1      6.297310895605      2.258852809674     -4.684825756888
    1      6.202786543301      3.830191228504     -6.563652692482
    0    0
