   3   1   1
  0.787878440037E+01  0.578581344776E+00  0.000000000000E+00
  0.000000000000E+00  0.606000000000E+01  0.000000000000E+00
 -0.592670061426E+01 -0.330132955504E+01  0.145015703632E+02
    2
  0.100000000000E+01  0.000000000000E+00  0.135337788279E-17
 -0.258481892902E-17  0.100000000000E+01 -0.223733260546E-17
  0.000000000000E+00  0.000000000000E+00  0.100000000000E+01
  0.000000000000E+00  0.000000000000E+00  0.000000000000E+00
 -0.100000000000E+01  0.000000000000E+00 -0.135337788279E-17
  0.258481892902E-17 -0.100000000000E+01  0.223733260546E-17
  0.000000000000E+00  0.000000000000E+00 -0.100000000000E+01
  0.000000000000E+00  0.000000000000E+00  0.000000000000E+00
   72
    6     -1.424953547641     -0.987557643033      5.887849671023
    1     -1.515819707044     -0.768261398181      6.945079691648
    6     -0.917261592627     -0.051134722697      5.040070215321
    6     -1.844841337367     -2.262850821257      5.397126301936
    1     -0.606513093677      0.921672721407      5.404606846936
    6     -0.779538546428     -0.321609584065      3.639398072287
    1     -2.254361145533     -2.994281655848      6.084904199488
    6     -1.752021933964     -2.558375226090      4.072883640730
    6     -0.237160775970      0.599245055638      2.758427600221
    6     -1.215618615042     -1.610992009892      3.141882042444
    1     -2.086808922785     -3.517139943313      3.698857387202
    1      0.108432762284      1.555762250821      3.133143616067
    6     -0.109831673549      0.322285634908      1.380190449680
    6     -1.105031158754     -1.893004637996      1.791044479288
    6      0.441084640852      1.243784326203      0.484329024434
    6     -0.560482446603     -0.962899972009      0.880435497461
    1     -1.441751985695     -2.852825956168      1.418630254527
    1      0.787027260837      2.200276734888      0.857753719747
    6      0.560482446603      0.962899972009     -0.880435497461
    6     -0.441084640852     -1.243784326203     -0.484329024434
    6      1.105031158754      1.893004637996     -1.791044479288
    6      0.109831673549     -0.322285634908     -1.380190449680
    1     -0.787027260837     -2.200276734888     -0.857753719747
    1      1.441751985695      2.852825956168     -1.418630254527
    6      1.215618615042      1.610992009892     -3.141882042444
    6      0.237160775970     -0.599245055638     -2.758427600221
    6      1.752021933964      2.558375226090     -4.072883640730
    6      0.779538546428      0.321609584065     -3.639398072287
    1     -0.108432762284     -1.555762250821     -3.133143616067
    1      2.086808922785      3.517139943313     -3.698857387202
    6      1.844841337367      2.262850821257     -5.397126301936
    6      0.917261592627      0.051134722697     -5.040070215321
    1      2.254361145533      2.994281655848     -6.084904199488
    6      1.424953547641      0.987557643033     -5.887849671023
    1      0.606513093677     -0.921672721407     -5.404606846936
    1      1.515819707044      0.768261398181     -6.945079691648
    6      2.004063231684      2.477347886917      5.757325240768
    1      1.510474219720      2.720284680448      6.690638625575
    6      1.964627104043      3.358704730669      4.721809126278
    6      2.697737193972      1.234693564348      5.632381296992
    1      1.444943917693      4.303760568871      4.821667191578
    6      2.615319401928      3.062259597560      3.480874057392
    1      2.716559465693      0.550291338589      6.472329959344
    6      3.327403531189      0.907491540873      4.473012856734
    6      2.600573714670      3.944301758720      2.414485452809
    6      3.312460006991      1.798626859422      3.351473425192
    1      3.852853019562     -0.034595935663      4.377092161317
    1      2.083063964445      4.890852817218      2.514074837861
    6      3.259210409875      3.652173835906      1.201573611763
    6      3.951638929443      1.492843435469      2.162380143457
    6      3.265225477011      4.545977706257      0.126859438144
    6      3.953393145018      2.385836832499      1.070050291682
    1      4.469857027511      0.546281661768      2.064534995773
    1      2.748732484893      5.493021429310      0.226344421135
    6      3.925391255350      4.252744512277     -1.070050291682
    6      4.613558923356      2.092603638519     -0.126859438144
    6      3.927145470925      5.145737909307     -2.162380143457
    6      4.619573990492      2.986407508870     -1.201573611763
    1      5.130051915475      1.145559915466     -0.226344421135
    1      3.408927372857      6.092299683009     -2.064534995773
    6      4.566324393377      4.839954485354     -3.351473425192
    6      5.278210685698      2.694279586056     -2.414485452809
    6      4.551380869179      5.731089803903     -4.473012856734
    6      5.263464998439      3.576321747217     -3.480874057392
    1      5.795720435923      1.747728527558     -2.514074837861
    1      4.025931380806      6.673177280439     -4.377092161317
    6      5.181047206395      5.403887780429     -5.632381296992
    6      5.914157296325      3.279876614107     -4.721809126278
    1      5.162224934674      6.088290006188     -6.472329959344
    6      5.874721168683      4.161233457859     -5.757325240768
    1      6.433840482674      2.334820775905     -4.821667191578
    1      6.368310180648      3.918296664328     -6.690638625575
    2    2
