   3   1   1
  0.787878440037E+01  0.578581344776E+00  0.000000000000E+00
  0.000000000000E+00  0.606000000000E+01  0.000000000000E+00
 -0.592670061426E+01 -0.330132955504E+01  0.145015703632E+02
    1
  0.100000000000E+01  0.000000000000E+00  0.135337788279E-17
 -0.258481892902E-17  0.100000000000E+01 -0.223733260546E-17
  0.000000000000E+00  0.000000000000E+00  0.100000000000E+01
  0.000000000000E+00  0.000000000000E+00  0.000000000000E+00
   72
    6     -1.420550574988     -0.981717426210      5.888260963488
    1     -1.507906537238     -0.763445978795      6.945850598205
    6     -0.866144773042     -0.067014314737      5.047249034812
    6     -1.893907508980     -2.234144930377      5.390467230624
    1     -0.518776927376      0.890818621972      5.415835298970
    6     -0.740038308350     -0.334691467030      3.645168162810
    1     -2.336011381430     -2.949377362041      6.074610623651
    6     -1.803076672442     -2.530222255752      4.066101277371
    6     -0.172184831632      0.573257102812      2.767741889647
    6     -1.227150034837     -1.601627200624      3.140573476752
    1     -2.167390972510     -3.476249205418      3.687695562127
    1      0.199403142333      1.518005126918      3.145476499684
    6     -0.069308159649      0.305044984820      1.385892419601
    6     -1.132781941607     -1.878164998643      1.787505097025
    6      0.496447455556      1.218507761304      0.491802327219
    6     -0.567281491892     -0.958867132131      0.879299926151
    1     -1.501276983084     -2.824397472410      1.411110735173
    1      0.869661280942      2.162654195401      0.868759989373
    6      0.587289865532      0.948772127636     -0.876991410538
    6     -0.476607021361     -1.228505568552     -0.489689805942
    6      1.152900450928      1.869010735470     -1.783920193169
    6      0.087920398528     -0.314416019978     -1.384175959256
    1     -0.851110848378     -2.172408606915     -0.866571223897
    1      1.521902748644      2.814364001052     -1.405765203959
    6      1.240996036472      1.596653584619     -3.138002149902
    6      0.186947941735     -0.579386395591     -2.766866271825
    6      1.808028358005      2.530237423500     -4.063729402497
    6      0.750771493186      0.331414498726     -3.644047506722
    1     -0.187731786418     -1.522274195224     -3.146561791175
    1      2.176255884206      3.473996617716     -3.683400240867
    6      1.881017361558      2.243567607190     -5.391149131684
    6      0.863781648994      0.071420614573     -5.048574384437
    1      2.312360196520      2.964701564841     -6.075927205661
    6      1.403220134834      0.993590183454     -5.890964946369
    1      0.516244479640     -0.885881284159     -5.418297618495
    1      1.477766737290      0.780746745869     -6.950884737668
    6      2.029657410059      2.412919951005      5.765432741404
    1      1.544842046901      2.633302770490      6.709520301827
    6      1.984563057958      3.327848914656      4.757209153728
    6      2.711603566278      1.168444145845      5.602723694123
    1      1.468586509744      4.270535946785      4.894720640201
    6      2.618745557943      3.067995366174      3.497334852944
    1      2.734340293246      0.461606998392      6.423416491066
    6      3.329036963340      0.875616153822      4.429152558833
    6      2.597254885742      3.975293605241      2.446533486252
    6      3.305578205883      1.802145172861      3.337735053700
    1      3.852622226490     -0.063193164894      4.296789227403
    1      2.081053251454      4.919422425640      2.573407774565
    6      3.239752702725      3.705180333116      1.215248019181
    6      3.931588480149      1.520900593405      2.140441859771
    6      3.248045338250      4.603154746924      0.136802695774
    6      3.921598844921      2.433699367414      1.068920922323
    1      4.448391707654      0.576381375129      2.015426064249
    1      2.739497162293      5.554208456479      0.240220077497
    6      3.898695372519      4.303494771888     -1.069850643272
    6      4.565625017189      2.134723031240     -0.128946881139
    6      3.926006441051      5.182980916270     -2.178094261328
    6      4.571894087201      3.025912984768     -1.198941473754
    1      5.071585135675      1.182735632862     -0.232649868092
    1      3.426743470888      6.141282113966     -2.099185882485
    6      4.571536972074      4.849175038692     -3.361659829743
    6      5.224360130387      2.700861614502     -2.402683221050
    6      4.601913442305      5.721964299521     -4.499702261170
    6      5.238474604871      3.567867722497     -3.476137596709
    1      5.721673394842      1.741458085651     -2.483264310450
    1      4.097018857418      6.678189450113     -4.432014897897
    6      5.245765802121      5.361158541295     -5.643667851632
    6      5.899039993716      3.230915336730     -4.700595251874
    1      5.256543671471      6.035820021602     -6.492824175003
    6      5.907355347583      4.098458607098     -5.746944051859
    1      6.392377840830      2.268862754747     -4.774134140222
    1      6.411014177444      3.831553320109     -6.668307405047
    0    0
