   3   1   1
  0.787878440037E+01  0.578581344776E+00  0.000000000000E+00
  0.000000000000E+00  0.606000000000E+01  0.000000000000E+00
 -0.592670061426E+01 -0.330132955504E+01  0.145015703632E+02
    1
  0.100000000000E+01  0.000000000000E+00  0.135337788279E-17
 -0.258481892902E-17  0.100000000000E+01 -0.223733260546E-17
  0.000000000000E+00  0.000000000000E+00  0.100000000000E+01
  0.000000000000E+00  0.000000000000E+00  0.000000000000E+00
   72
    6     -1.547508552636     -1.086214470351      6.306612655619
    1     -1.620575552160     -0.867621570717      7.369360038221
    6     -0.991355954045     -0.169533906833      5.467902457111
    6     -2.031583838235     -2.330926091410      5.806329925580
    1     -0.640595923527      0.785771656557      5.839379310773
    6     -0.882575440758     -0.426333103248      4.060645663278
    1     -2.468773236491     -3.052263889252      6.486636980484
    6     -1.943080499204     -2.624105902714      4.478037979427
    6     -0.314797141407      0.484693212130      3.185579461868
    6     -1.376142426888     -1.688957010117      3.554557687514
    1     -2.300805588933     -3.571021609730      4.101431396738
    1      0.074965801789      1.420818978463      3.567488034138
    6     -0.229485851374      0.224469817031      1.798629568350
    6     -1.288205663299     -1.962625044757      2.197437872316
    6      0.337752137405      1.137700406822      0.904852125402
    6     -0.730683907771     -1.037554428742      1.291185036208
    1     -1.648429904417     -2.910975706204      1.821364529054
    1      0.723494493116      2.075984930958      1.280562277531
    6      0.423887449653      0.870084831025     -0.465106300481
    6     -0.635302339513     -1.309312923034     -0.076640007759
    6      0.997476729236      1.784550689356     -1.373987417879
    6     -0.072257293197     -0.394991187767     -0.971438810506
    1     -0.997277636205     -2.259077871358     -0.454768935739
    1      1.374749827310      2.727785767258     -0.995511410079
    6      1.092003644421      1.509323775125     -2.724017939140
    6      0.044335631960     -0.667950286273     -2.349028699604
    6      1.668024531243      2.436353776539     -3.651792700441
    6      0.608234360778      0.239772862508     -3.228570006254
    1     -0.312169126962     -1.619460343680     -2.724550256721
    1      2.042841267783      3.379224213405     -3.269664406256
    6      1.743341032303      2.146786446157     -4.975286436727
    6      0.738570467992     -0.031098977523     -4.627920962138
    1      2.179598341459      2.861815037630     -5.663900848827
    6      1.276262157186      0.889093139313     -5.472613254238
    1      0.394425483489     -0.990928249573     -4.994753606692
    1      1.365097722368      0.676571153948     -6.527375297651
    6      2.325627964325      2.655351575834      5.413268020811
    1      1.921372087302      2.935963059503      6.382525053741
    6      2.216188200029      3.502430523829      4.351842677099
    6      2.983193328552      1.391211417461      5.269394020952
    1      1.731824203557      4.465911966743      4.468501795102
    6      2.758608675747      3.158642058001      3.067547805479
    1      3.078459858350      0.742135844310      6.138789561383
    6      3.497707636142      1.013319502862      4.065547105138
    6      2.709601669485      4.020146129043      1.988605687521
    6      3.416556677718      1.871999110569      2.919830834291
    1      4.000958083058      0.058762974979      3.962962334425
    1      2.230198257273      4.985223116529      2.102969630552
    6      3.303506118330      3.699761624372      0.750171352658
    6      3.992913938139      1.539112798307      1.709781652748
    6      3.301113448733      4.586564857499     -0.325773087818
    6      3.972857137424      2.419955140176      0.608411787001
    1      4.505947480711      0.589595943350      1.608849141457
    1      2.809677535318      5.545834133402     -0.216401048932
    6      3.949953665022      4.289750544651     -1.530359778593
    6      4.618693127672      2.118133141816     -0.591522664730
    6      3.987331899042      5.201193121172     -2.608754468351
    6      4.635647502806      3.020494276024     -1.664018140277
    1      5.141765508700      1.174361309785     -0.689270994521
    1      3.484299243944      6.154496682187     -2.505762805278
    6      4.682515443909      4.919028976401     -3.779564049151
    6      5.336706914131      2.745714138304     -2.860611019781
    6      4.770584115107      5.859667648562     -4.863307714864
    6      5.378337722675      3.658514414324     -3.905924644174
    1      5.870818400661      1.807258776541     -2.953702454462
    1      4.245354713986      6.800145589986     -4.765841790875
    6      5.517355564395      5.583925812912     -5.976997524803
    6      6.130665135788      3.405496945904     -5.105961728503
    1      5.600663236574      6.316348867520     -6.777451104686
    6      6.203325901849      4.340890231927     -6.099108772452
    1      6.655615534643      2.464238774705     -5.200352985321
    1      6.787544217845      4.134213609122     -6.995302653133
    0    0
