   3   1   1
  0.787878440037E+01  0.578581344776E+00  0.000000000000E+00
  0.000000000000E+00  0.606000000000E+01  0.000000000000E+00
 -0.592670061426E+01 -0.330132955504E+01  0.145015703632E+02
    2
  0.100000000000E+01  0.000000000000E+00  0.135337788279E-17
 -0.258481892902E-17  0.100000000000E+01 -0.223733260546E-17
  0.000000000000E+00  0.000000000000E+00  0.100000000000E+01
  0.000000000000E+00  0.000000000000E+00  0.000000000000E+00
 -0.100000000000E+01  0.000000000000E+00 -0.135337788279E-17
  0.258481892902E-17 -0.100000000000E+01  0.223733260546E-17
  0.000000000000E+00  0.000000000000E+00 -0.100000000000E+01
  0.000000000000E+00  0.000000000000E+00  0.000000000000E+00
   72
    6     -1.421785871483     -0.995254315223      5.887766034406
    1     -1.496352493838     -0.782595741407      6.947926665363
    6     -0.880037209450     -0.073025069244      5.046663415329
    6     -1.897790603801     -2.245214390053      5.386006115767
    1     -0.532275241526      0.883184583974      5.418505533380
    6     -0.761659559645     -0.332780147807      3.642221794626
    1     -2.329110179854     -2.967516988044      6.069656146884
    6     -1.821088526753     -2.530651579434      4.058346700204
    6     -0.189319501605      0.575572294682      2.767649654719
    6     -1.252201302038     -1.596782761237      3.133874493178
    1     -2.186203679629     -3.474709905482      3.676981823412
    1      0.187819897617      1.516851950574      3.149156653999
    6     -0.083228508012      0.309539464624      1.385348214198
    6     -1.160121337060     -1.868744672597      1.779586867947
    6      0.493274684150      1.219768365457      0.494341619332
    6     -0.588041427430     -0.950315876307      0.874706060839
    1     -1.529250602426     -2.813250197039      1.400062845622
    1      0.871597985388      2.161402346184      0.873307236476
    6      0.588041427430      0.950315876307     -0.874706060839
    6     -0.493274684150     -1.219768365457     -0.494341619332
    6      1.160121337060      1.868744672597     -1.779586867947
    6      0.083228508012     -0.309539464624     -1.385348214198
    1     -0.871597985388     -2.161402346184     -0.873307236476
    1      1.529250602426      2.813250197039     -1.400062845622
    6      1.252201302038      1.596782761237     -3.133874493178
    6      0.189319501605     -0.575572294682     -2.767649654719
    6      1.821088526753      2.530651579434     -4.058346700204
    6      0.761659559645      0.332780147807     -3.642221794626
    1     -0.187819897617     -1.516851950574     -3.149156653999
    1      2.186203679629      3.474709905482     -3.676981823412
    6      1.897790603801      2.245214390053     -5.386006115767
    6      0.880037209450      0.073025069244     -5.046663415329
    1      2.329110179854      2.967516988044     -6.069656146884
    6      1.421785871483      0.995254315223     -5.887766034406
    1      0.532275241526     -0.883184583974     -5.418505533380
    1      1.496352493838      0.782595741407     -6.947926665363
    6      1.943008348714      2.443732325614      5.733007023216
    1      1.405578490139      2.665970464771      6.648212130143
    6      1.954800127396      3.350652908559      4.718858906053
    6      2.647963481622      1.206806798852      5.612834892493
    1      1.428881913998      4.292445529480      4.816689117760
    6      2.653995982799      3.078320334081      3.497296432530
    1      2.632081482012      0.503932033918      6.437748316268
    6      3.339096608438      0.910197972603      4.478422148333
    6      2.651995251308      3.967383077055      2.436569049167
    6      3.359757336567      1.818855956719      3.370790544046
    1      3.874220638988     -0.026935736452      4.387029059323
    1      2.127962543107      4.910850871149      2.533984082357
    6      3.297283241103      3.669631741701      1.217622278083
    6      4.013255985895      1.520707094870      2.186890125034
    6      3.263997951524      4.545587142240      0.127609669795
    6      3.993732118229      2.404175614705      1.086166141282
    1      4.532656759607      0.574732639413      2.088441113469
    1      2.746633944831      5.492061399074      0.228165766642
    6      3.885052282139      4.234405730071     -1.086166141282
    6      4.614786448844      2.092994202536     -0.127609669795
    6      3.865528414473      5.117874249907     -2.186890125034
    6      4.581501159265      2.968949603075     -1.217622278083
    1      5.132150455536      1.146519945702     -0.228165766642
    1      3.346127640760      6.063848705363     -2.088441113469
    6      4.519027063801      4.819725388057     -3.370790544046
    6      5.226789149060      2.671198267721     -2.436569049167
    6      4.539687791930      5.728383372174     -4.478422148333
    6      5.224788417569      3.560261010695     -3.497296432530
    1      5.750821857261      1.727730473627     -2.533984082357
    1      4.004563761380      6.665517081228     -4.387029059323
    6      5.230820918746      5.431774545924     -5.612834892493
    6      5.923984272971      3.287928436217     -4.718858906053
    1      5.246702918355      6.134649310859     -6.437748316268
    6      5.935776051653      4.194849019162     -5.733007023216
    1      6.449902486370      2.346135815296     -4.816689117760
    1      6.473205910228      3.972610880005     -6.648212130143
    2    2
