   3   1   1
  0.787878440037E+01  0.578581344776E+00  0.000000000000E+00
  0.000000000000E+00  0.606000000000E+01  0.000000000000E+00
 -0.592670061426E+01 -0.330132955504E+01  0.145015703632E+02
    1
  0.100000000000E+01  0.000000000000E+00  0.135337788279E-17
 -0.258481892902E-17  0.100000000000E+01 -0.223733260546E-17
  0.000000000000E+00  0.000000000000E+00  0.100000000000E+01
  0.000000000000E+00  0.000000000000E+00  0.000000000000E+00
   72
    6     -1.353104055578     -1.050650944092      5.904888213435
    1     -1.411928873977     -0.860094232030      6.970426391203
    6     -0.837440843424     -0.104297593687      5.072154654385
    6     -1.831173080758     -2.293640500409      5.390363491933
    1     -0.494178945079      0.848297681462      5.456665690312
    6     -0.745076557930     -0.332080516833      3.659395464246
    1     -2.244955732788     -3.031875433272      6.067940657536
    6     -1.782169218027     -2.549428458885      4.055640347996
    6     -0.199169305286      0.598343368840      2.787612745483
    6     -1.237176133235     -1.591376873352      3.141730364155
    1     -2.151731848649     -3.486052885231      3.659673631392
    1      0.177481450109      1.535344786303      3.179597964579
    6     -0.113020898247      0.354978814251      1.398210698447
    6     -1.167489020357     -1.840059888250      1.783707386006
    6      0.446825612732      1.273438262613      0.500990290732
    6     -0.613721284529     -0.905796843339      0.886403025838
    1     -1.535107117185     -2.781167682017      1.394168938633
    1      0.825926754043      2.215766182860      0.878577302361
    6      0.540850072895      1.001842416427     -0.869888310851
    6     -0.526228864186     -1.173575067243     -0.480501842428
    6      1.118193372178      1.907115845863     -1.787717904188
    6      0.044207659930     -0.264482190547     -1.371857680410
    1     -0.894845375278     -2.119296619456     -0.856753910908
    1      1.488072614543      2.857593791445     -1.422707000499
    6      1.230969938074      1.606903911890     -3.136845262499
    6      0.159963468081     -0.554300129563     -2.746995415989
    6      1.828935812419      2.511031220368     -4.074190331872
    6      0.745733243605      0.334025448923     -3.629820205286
    1     -0.209653478641     -1.504934535840     -3.112440326280
    1      2.191915008068      3.464192937904     -3.711422171602
    6      1.943751789780      2.184072037158     -5.391252870374
    6      0.892485578612      0.034137335624     -5.023668764864
    1      2.403415845162      2.882203493611     -6.082597171776
    6      1.470666654245      0.924656665572     -5.874337696422
    1      0.540842461937     -0.928402224669     -5.377467227152
    1      1.573744400551      0.684098492635     -6.926308944669
    6      1.932902266398      2.427050343899      5.719891682514
    1      1.415811182856      2.654953748483      6.644656726599
    6      1.942367768231      3.337612937575      4.708690597587
    6      2.612371967913      1.177998290181      5.584770073474
    1      1.433772525898      4.286807069475      4.819109194059
    6      2.624844198166      3.064875331353      3.478718957346
    1      2.598248944383      0.472987840663      6.408043729865
    6      3.281025486214      0.876690518542      4.439833663500
    6      2.643596914846      3.969247844908      2.429507496914
    6      3.310936476066      1.796301419795      3.341024069130
    1      3.805027846925     -0.065531354125      4.338503194803
    1      2.128663415667      4.916704947764      2.535511094037
    6      3.313320167362      3.689185315205      1.218977695401
    6      3.974355202133      1.509140312857      2.160974441037
    6      3.328297189113      4.588292273833      0.146982621351
    6      3.994836302803      2.416547985739      1.080987456119
    1      4.486445117712      0.560288459191      2.055101313533
    1      2.817716254233      5.538906769432      0.248926139839
    6      3.971932830401      4.286343390214     -1.057784109476
    6      4.645876868052      2.119860558149     -0.118766955562
    6      3.968773163035      5.171220635723     -2.157561680063
    6      4.645461551838      3.009917966857     -1.195211797533
    1      5.149804227615      1.167433945816     -0.223943805751
    1      3.464796880945      6.125189198029     -2.059510633202
    6      4.576895242257      4.843331285627     -3.358370814313
    6      5.270702159491      2.694815854168     -2.419709210388
    6      4.553901965179      5.723038664242     -4.489021156502
    6      5.244573245094      3.564747687676     -3.494753492307
    1      5.769283559054      1.738740607776     -2.521160990977
    1      4.049424477852      6.675851260882     -4.390300930497
    6      5.146534203756      5.370712685631     -5.661621472281
    6      5.856844703990      3.240679359649     -4.749113808015
    1      5.120452322607      6.047200863874     -6.508196936204
    6      5.810600203922      4.112588999991     -5.792485110748
    1      6.357563856983      2.285133877436     -4.849745586364
    1      6.281983313399      3.853204298102     -6.733170980274
    0    0
