   3   1   1
  0.787878440037E+01  0.578581344776E+00  0.000000000000E+00
  0.000000000000E+00  0.606000000000E+01  0.000000000000E+00
 -0.592670061426E+01 -0.330132955504E+01  0.145015703632E+02
    1
  0.100000000000E+01  0.000000000000E+00  0.135337788279E-17
 -0.258481892902E-17  0.100000000000E+01 -0.223733260546E-17
  0.000000000000E+00  0.000000000000E+00  0.100000000000E+01
  0.000000000000E+00  0.000000000000E+00  0.000000000000E+00
   72
    6     -1.386047134359     -0.928586090287      5.900921525210
    1     -1.463395428521     -0.691186436053      6.955002673633
    6     -0.863158221294     -0.023746669066      5.030574280497
    6     -1.840488754364     -2.200122128712      5.433046237914
    1     -0.524946825052      0.949324437911      5.368622256740
    6     -0.753339631523     -0.325285189963      3.634570178556
    1     -2.259263671861     -2.909878254479      6.138430855846
    6     -1.768857580190     -2.524650022355      4.112323931225
    6     -0.204371007173      0.570497359721      2.738065318271
    6     -1.225650029661     -1.607423318663      3.153627079752
    1     -2.127310454315     -3.485482869090      3.764388983956
    1      0.165934219120      1.524699220141      3.093780991607
    6     -0.109500315020      0.277408721020      1.364029653142
    6     -1.146809309209     -1.904349209300      1.799768226619
    6      0.456878888510      1.187020192550      0.473634777061
    6     -0.601929325556     -0.992141607611      0.866681552687
    1     -1.509552397639     -2.861398082848      1.445857701973
    1      0.832455325683      2.130259251743      0.850733326940
    6      0.552642031868      0.915497652156     -0.889609784002
    6     -0.516175588407     -1.259993137306     -0.507857356100
    6      1.138873083326      1.842826524813     -1.771657063575
    6      0.047728243157     -0.342052283778     -1.406038725714
    1     -0.888316803638     -2.204803550573     -0.884597886330
    1      1.513627334089      2.777363390614     -1.371018237159
    6      1.242496041648      1.590857466579     -3.124948546902
    6      0.154761766194     -0.582146138682     -2.796542843202
    6      1.842247450257      2.535809656897     -4.017506748643
    6      0.737470170013      0.340820775794     -3.654645490976
    1     -0.221200709630     -1.515580102002     -3.198257299252
    1      2.216336402401      3.464762954045     -3.606706819038
    6      1.934436116175      2.277590408855     -5.348570124393
    6      0.866768200742      0.114688260245     -5.065249138751
    1      2.389107906089      3.004200672403     -6.012106973465
    6      1.437723575464      1.046721519377     -5.878304384648
    1      0.510074581965     -0.827375468219     -5.465510660724
    1      1.522277846007      0.853006288612     -6.941732662240
    6      1.983589911255      2.466192572438      5.746986911879
    1      1.484456689055      2.707508125729      6.677772335068
    6      1.969632880891      3.359906404854      4.721855707346
    6      2.657849250723      1.213918669561      5.614907437834
    1      1.462817621949      4.311205537041      4.827035059916
    6      2.626584383833      3.066876919560      3.483256673229
    1      2.660637433525      0.521547451623      6.448577096188
    6      3.297920015810      0.892154698330      4.459854228614
    6      2.627914072214      3.956995311105      2.423400968192
    6      3.308388042090      1.795622609144      3.347925905941
    1      3.815361496468     -0.053861338455      4.360852244492
    1      2.117870660510      4.907247088044      2.526247785780
    6      3.283057910660      3.663702831486      1.208856825674
    6      3.953132518751      1.493039688338      2.160986601544
    6      3.293470251309      4.559822692585      0.135742168696
    6      3.963426176866      2.390449101969      1.072133220392
    1      4.463560376730      0.542713263897      2.059590238817
    1      2.785494247152      5.511120172533      0.238908815498
    6      3.940522704464      4.260244506443     -1.066638345203
    6      4.611049930249      2.091390976901     -0.130007408216
    6      3.947550479653      5.155120011204     -2.157549519555
    6      4.615199295136      2.984435483138     -1.205332667261
    1      5.117582220534      1.139647348916     -0.233961130092
    1      3.441912139964      6.107614002735     -2.055021707918
    6      4.574346808281      4.842652474976     -3.351468977501
    6      5.255019316859      2.682563320365     -2.425815739110
    6      4.570796494775      5.738502844029     -4.469000591389
    6      5.246313430761      3.566749275883     -3.490215776424
    1      5.758490803897      1.729282748055     -2.530424299234
    1      4.059758127395      6.687521276552     -4.367951880808
    6      5.192011486566      5.406633065011     -5.631484107921
    6      5.884109816649      3.262972826928     -4.735948698257
    1      5.182840811750      6.095760474834     -6.467663569880
    6      5.861287848778      4.151731228531     -5.765389881384
    1      6.386608953034      2.309532345003     -4.841819720507
    1      6.350628819598      3.905758675348     -6.700055371806
    0    0
