   3   1   1
  0.787878440037E+01  0.578581344776E+00  0.000000000000E+00
  0.000000000000E+00  0.606000000000E+01  0.000000000000E+00
 -0.592670061426E+01 -0.330132955504E+01  0.145015703632E+02
    1
  0.100000000000E+01  0.000000000000E+00  0.135337788279E-17
 -0.258481892902E-17  0.100000000000E+01 -0.223733260546E-17
  0.000000000000E+00  0.000000000000E+00  0.100000000000E+01
  0.000000000000E+00  0.000000000000E+00  0.000000000000E+00
   72
    6     -1.373863754334     -0.980179760786      5.898075338313
    1     -1.429928553373     -0.767212273296      6.959232202662
    6     -0.793429718854     -0.085333706876      5.053119625215
    6     -1.925412104801     -2.201588571022      5.396324135815
    1     -0.396817313381      0.855636876851      5.418580744366
    6     -0.715163987456     -0.346473075562      3.646236172871
    1     -2.388931114498     -2.901667523461      6.082816114464
    6     -1.871807882609     -2.493918828133      4.068367280801
    6     -0.141752558256      0.551881894273      2.764783920916
    6     -1.261560162938     -1.589604196475      3.139217808043
    1     -2.282422576605     -3.423311116181      3.691997838926
    1      0.252977915817      1.488594363174      3.139535342544
    6     -0.069715018734      0.287696197813      1.381059932325
    6     -1.183025062022     -1.868453309925      1.784365076239
    6      0.484206827949      1.205276087821      0.486255739045
    6     -0.588559091241     -0.967733122915      0.873945371947
    1     -1.581747577057     -2.803777020907      1.410137843342
    1      0.854386275597      2.150844905415      0.863030134983
    6      0.566012266183      0.939906136852     -0.882345964742
    6     -0.488847648969     -1.241737242035     -0.495236394116
    6      1.102657330514      1.878722424188     -1.787060213956
    6      0.087513539443     -0.331764806985     -1.389008446532
    1     -0.866385853723     -2.184217896901     -0.872301078287
    1      1.441432154671      2.834984452554     -1.406738095791
    6      1.206585908371      1.608676588767     -3.139357818611
    6      0.217380215111     -0.600761604130     -2.769824240556
    6      1.739297147837      2.566540851120     -4.061463399066
    6      0.775645814079      0.319632890194     -3.642979496661
    1     -0.134157012934     -1.551684958968     -3.152502948315
    1      2.061224280112      3.526934706954     -3.679097964068
    6      1.849512765737      2.276123966545     -5.385292226492
    6      0.936496703182      0.053101222434     -5.042703794033
    1      2.259440463452      3.012411403421     -6.067721714848
    6      1.449906955488      0.995127848879     -5.881150571544
    1      0.638204093636     -0.921063029279     -5.415552173098
    1      1.555744721155      0.776980451368     -6.937503133210
    6      1.991801725383      2.472659854614      5.752365429818
    1      1.498972182862      2.716842097351      6.685846940570
    6      1.970349730318      3.362266787738      4.723625162238
    6      2.667902731327      1.221095193020      5.620371196049
    1      1.462993319903      4.313029677315      4.828271604395
    6      2.622735486731      3.066654329348      3.483398504291
    1      2.673534881561      0.529390004937      6.454486588479
    6      3.302620851269      0.896595323262      4.463199048390
    6      2.623529340790      3.956152570515      2.423001784556
    6      3.306402220090      1.796561641453      3.348792020426
    1      3.820338715259     -0.049113521932      4.364566324652
    1      2.114515012137      4.906660088901      2.526014348508
    6      3.279325724009      3.663018315289      1.208861373466
    6      3.950695321354      1.493433174620      2.161666058831
    6      3.291198971569      4.559870658643      0.136263758951
    6      3.960095242433      2.390088615813      1.072354145147
    1      4.463306557322      0.544313030559      2.061365022526
    1      2.784814474555      5.511884441895      0.240158505110
    6      3.937191770031      4.259884020287     -1.066417420448
    6      4.608778650509      2.091438942959     -0.129485817961
    6      3.945113282257      5.155513497486     -2.156870062269
    6      4.611467108485      2.983750966941     -1.205328119468
    1      5.116902447937      1.140411618278     -0.232711440479
    1      3.441658320556      6.109213769397     -2.053246924209
    6      4.572360986281      4.843591507285     -3.350602863016
    6      5.250634585436      2.681720579776     -2.426214922746
    6      4.575497330234      5.742943468962     -4.465655771612
    6      5.242464533660      3.566526685671     -3.490073945362
    1      5.755135155525      1.728695748913     -2.530657736506
    1      4.064735346186      6.692269093075     -4.364237800648
    6      5.202064967170      5.413809588470     -5.626020349706
    6      5.884826666077      3.265333209812     -4.734179243365
    1      5.195738259785      6.103603028147     -6.461754077590
    6      5.869499662907      4.158198510707     -5.760011363445
    1      6.386784650988      2.311356485277     -4.840583176028
    1      6.365144313405      3.915092646970     -6.691980766304
    0    0
