   3   1   1
  0.787878440037E+01  0.578581344776E+00  0.000000000000E+00
  0.000000000000E+00  0.606000000000E+01  0.000000000000E+00
 -0.592670061426E+01 -0.330132955504E+01  0.145015703632E+02
    2
  0.100000000000E+01  0.000000000000E+00  0.135337788279E-17
 -0.258481892902E-17  0.100000000000E+01 -0.223733260546E-17
  0.000000000000E+00  0.000000000000E+00  0.100000000000E+01
  0.000000000000E+00  0.000000000000E+00  0.000000000000E+00
 -0.100000000000E+01  0.000000000000E+00 -0.135337788279E-17
  0.258481892902E-17 -0.100000000000E+01  0.223733260546E-17
  0.000000000000E+00  0.000000000000E+00 -0.100000000000E+01
  0.000000000000E+00  0.000000000000E+00  0.000000000000E+00
   72
    6     -1.356415453635     -1.024067213158      5.894082835937
    1     -1.445760698197     -0.810423898222      6.952274065245
    6     -0.805130056442     -0.104187427499      5.056859294470
    6     -1.828421766957     -2.275199328642      5.392110814109
    1     -0.459710353268      0.853057214905      5.429096599745
    6     -0.686811685387     -0.361789558494      3.653195238996
    1     -2.268494973299     -2.994932830870      6.072663315055
    6     -1.742011605953     -2.562368504144      4.066331049582
    6     -0.128111522226      0.551322483991      2.776004721506
    6     -1.177533666380     -1.625952175008      3.144391433967
    1     -2.104331951893     -3.506508515140      3.683113648888
    1      0.250155229845      1.493017925942      3.155457565942
    6     -0.049507200725      0.296455167395      1.390137178834
    6     -1.103105135902     -1.890895321010      1.788973233440
    6      0.496352374714      1.218269560693      0.493268555653
    6     -0.557081569895     -0.963054446022      0.879762037365
    1     -1.475566011872     -2.834525105715      1.410112483990
    1      0.877829719311      2.159183270523      0.871254387198
    6      0.557081569895      0.963054446022     -0.879762037365
    6     -0.496352374714     -1.218269560693     -0.493268555653
    6      1.103105135902      1.890895321010     -1.788973233440
    6      0.049507200725     -0.296455167395     -1.390137178834
    1     -0.877829719311     -2.159183270523     -0.871254387198
    1      1.475566011872      2.834525105715     -1.410112483990
    6      1.177533666380      1.625952175008     -3.144391433967
    6      0.128111522226     -0.551322483991     -2.776004721506
    6      1.742011605953      2.562368504144     -4.066331049582
    6      0.686811685387      0.361789558494     -3.653195238996
    1     -0.250155229845     -1.493017925942     -3.155457565942
    1      2.104331951893      3.506508515140     -3.683113648888
    6      1.828421766957      2.275199328642     -5.392110814109
    6      0.805130056442      0.104187427499     -5.056859294470
    1      2.268494973299      2.994932830870     -6.072663315055
    6      1.356415453635      1.024067213158     -5.894082835937
    1      0.459710353268     -0.853057214905     -5.429096599745
    1      1.445760698197      0.810423898222     -6.952274065245
    6      2.053552855315      2.607166462140      5.792442781642
    1      1.546947316874      2.861824066841      6.715655035884
    6      2.048700800251      3.484538291845      4.752904981877
    6      2.727511617416      1.350813933725      5.682536579564
    1      1.547193057346      4.440841802189      4.841530996745
    6      2.694700659529      3.162606820227      3.517047433122
    1      2.729421074860      0.673591506969      6.529299248310
    6      3.361044984617      1.003485924583      4.530724683643
    6      2.688456663648      4.028988741584      2.438215058206
    6      3.360790415302      1.880214587874      3.398151946933
    1      3.873483250069      0.052263424291      4.446680825270
    1      2.191571609754      4.987885565860      2.529501097672
    6      3.308378233845      3.697402345805      1.214941226498
    6      3.974934997752      1.541498738020      2.204454064020
    6      3.298711697004      4.564392244659      0.118516200895
    6      3.968017150026      2.410511425417      1.092862239838
    1      4.472755693057      0.582745823042      2.114056515137
    1      2.804175575097      5.524260222014      0.212218812857
    6      3.910767250342      4.228069919360     -1.092862239838
    6      4.580072703364      2.074189100117     -0.118516200895
    6      3.903849402616      5.097082606756     -2.204454064020
    6      4.570406166523      2.941178998971     -1.214941226498
    1      5.074608825270      1.114321122762     -0.212218812857
    1      3.406028707311      6.055835521734     -2.114056515137
    6      4.517993985065      4.758366756902     -3.398151946933
    6      5.190327736720      2.609592603192     -2.438215058206
    6      4.517739415750      5.635095420193     -4.530724683643
    6      5.184083740839      3.475974524549     -3.517047433122
    1      5.687212790614      1.650695778916     -2.529501097672
    1      4.005301150298      6.586317920485     -4.446680825270
    6      5.151272782951      5.287767411051     -5.682536579564
    6      5.830083600116      3.154043052931     -4.752904981877
    1      5.149363325508      5.964989837807     -6.529299248310
    6      5.825231545053      4.031414882636     -5.792442781642
    1      6.331591343022      2.197739542587     -4.841530996745
    1      6.331837083494      3.776757277935     -6.715655035884
    2    2
