   3   1   1
  0.787878440037E+01  0.578581344776E+00  0.000000000000E+00
  0.000000000000E+00  0.606000000000E+01  0.000000000000E+00
 -0.592670061426E+01 -0.330132955504E+01  0.145015703632E+02
    1
  0.100000000000E+01  0.000000000000E+00  0.135337788279E-17
 -0.258481892902E-17  0.100000000000E+01 -0.223733260546E-17
  0.000000000000E+00  0.000000000000E+00  0.100000000000E+01
  0.000000000000E+00  0.000000000000E+00  0.000000000000E+00
   72
    6     -1.386600036711     -1.072870984142      5.877826226991
    1     -1.459481401162     -0.857883273446      6.937717157149
    6     -0.851716831469     -0.149779080800      5.033673429540
    6     -1.860046817697     -2.325044056436      5.380502710141
    1     -0.506318171959      0.808760984178      5.401812776437
    6     -0.740877157690     -0.410540199286      3.629025389434
    1     -2.285466605502     -3.048304826758      6.066258013786
    6     -1.786705290829     -2.612668160089      4.053376287767
    6     -0.179968143589      0.500633427567      2.750791368841
    6     -1.227016244412     -1.677380309533      3.125035510979
    1     -2.149978711570     -3.558173406764      3.675565295025
    1      0.194598839968      1.443958465319      3.128961228437
    6     -0.083014571538      0.235081477499      1.368005938457
    6     -1.139746485342     -1.950570654777      1.770872406013
    6      0.482798870447      1.148666403472      0.474313600655
    6     -0.580686087252     -1.028476870553      0.861833992458
    1     -1.504655299281     -2.897239181841      1.395041011240
    1      0.858313563567      2.091753806313      0.851807095390
    6      0.573885270172      0.879162389213     -0.894457344231
    6     -0.490255606471     -1.298346926384     -0.507178532506
    6      1.145935907194      1.796605079336     -1.800552884181
    6      0.074213986639     -0.384379527299     -1.402062440399
    1     -0.862458565754     -2.243308996003     -0.883524117880
    1      1.518524432446      2.741522291621     -1.421834927892
    6      1.241129826897      1.520900475709     -3.153540115675
    6      0.179164629778     -0.652010070837     -2.783816792631
    6      1.824399739617      2.447791519164     -4.076454392101
    6      0.749932643846      0.255565766470     -3.660190280098
    1     -0.192536088783     -1.596320856824     -3.163077062422
    1      2.193668145147      3.392072416370     -3.695530507969
    6      1.914878052841      2.152668481131     -5.401113652166
    6      0.878209590567     -0.011344151489     -5.062149989709
    1      2.362904972448      2.865774100124     -6.084279815526
    6      1.437170673112      0.902436625522     -5.901399682867
    1      0.528703235057     -0.967938921952     -5.432320141027
    1      1.526191873365      0.686309451219     -6.959018178724
    6      1.980125321277      2.554879000589      5.766324354759
    1      1.477550832785      2.796492570149      6.694823465648
    6      1.963725273136      3.444101958387      4.737190708899
    6      2.666786258973      1.307849702791      5.641464281899
    1      1.453031629902      4.393698738493      4.838244446929
    6      2.618741963505      3.146719661945      3.499437157921
    1      2.677187660573      0.620143820447      6.479705516034
    6      3.306154060291      0.981988434984      4.486569860511
    6      2.616141218085      4.033187225263      2.436495579791
    6      3.302507088702      1.875929751067      3.366535097790
    1      3.830814973029      0.038331437824      4.392568614817
    1      2.107253648349      4.984131577562      2.538944199822
    6      3.264514672457      3.734960427439      1.220224752547
    6      3.939189336571      1.567396574059      2.176285514123
    6      3.273252087714      4.630018787915      0.146239282468
    6      3.943472850477      2.460662440580      1.083386485491
    1      4.452797132891      0.617602216967      2.077163935810
    1      2.766350791369      5.581940587692      0.250272062668
    6      3.920569378075      4.330457845055     -1.055385080103
    6      4.590831766653      2.161587072231     -0.119510294444
    6      3.933607297473      5.229476896924     -2.142250606976
    6      4.596656056933      3.055693079092     -1.193964740388
    1      5.098438764751      1.210467764076     -0.222597882922
    1      3.431148896125      6.182502955805     -2.037448010924
    6      4.568465854893      4.922959616898     -3.332859785653
    6      5.243246462730      2.758755234523     -2.412721127510
    6      4.579030539256      5.828336580683     -4.442284959492
    6      5.238471010433      3.646592018267     -3.474035291732
    1      5.747873791736      1.806167237574     -2.517727885192
    1      4.075211603956      6.779714052831     -4.336235510483
    6      5.200948494816      5.500564098242     -5.604927263856
    6      5.878202208895      3.347168380461     -4.720613696704
    1      5.199391038797      6.194356843657     -6.436535150034
    6      5.857823258801      4.240417656682     -5.746052438503
    1      6.376822960988      2.392025546455     -4.830610333494
    1      6.343722963328      3.994743119768     -6.683004241226
    0    0
