   3   1   1
  0.787878440037E+01  0.578581344776E+00  0.000000000000E+00
  0.000000000000E+00  0.606000000000E+01  0.000000000000E+00
 -0.592670061426E+01 -0.330132955504E+01  0.145015703632E+02
    1
  0.100000000000E+01  0.000000000000E+00  0.135337788279E-17
 -0.258481892902E-17  0.100000000000E+01 -0.223733260546E-17
  0.000000000000E+00  0.000000000000E+00  0.100000000000E+01
  0.000000000000E+00  0.000000000000E+00  0.000000000000E+00
   72
    6     -1.449906955488     -0.995127848879      5.881150571544
    1     -1.555744721155     -0.776980451368      6.937503133210
    6     -0.936496703182     -0.053101222434      5.042703794033
    6     -1.849512765737     -2.276123966545      5.385292226492
    1     -0.638204093636      0.921063029279      5.415552173098
    6     -0.775645814079     -0.319632890194      3.642979496661
    1     -2.259440463452     -3.012411403421      6.067721714848
    6     -1.739297147837     -2.566540851120      4.061463399066
    6     -0.217380215111      0.600761604130      2.769824240556
    6     -1.206585908371     -1.608676588767      3.139357818611
    1     -2.061224280112     -3.526934706954      3.679097964068
    1      0.134157012934      1.551684958968      3.152502948315
    6     -0.087513539443      0.331764806985      1.389008446532
    6     -1.102657330514     -1.878722424188      1.787060213956
    6      0.488847648969      1.241737242035      0.495236394116
    6     -0.566012266183     -0.939906136852      0.882345964742
    1     -1.441432154671     -2.834984452554      1.406738095791
    1      0.866385853723      2.184217896901      0.872301078287
    6      0.588559091241      0.967733122915     -0.873945371947
    6     -0.484206827949     -1.205276087821     -0.486255739045
    6      1.183025062022      1.868453309925     -1.784365076239
    6      0.069715018734     -0.287696197813     -1.381059932325
    1     -0.854386275597     -2.150844905415     -0.863030134983
    1      1.581747577057      2.803777020907     -1.410137843342
    6      1.261560162938      1.589604196475     -3.139217808043
    6      0.141752558256     -0.551881894273     -2.764783920916
    6      1.871807882609      2.493918828133     -4.068367280801
    6      0.715163987456      0.346473075562     -3.646236172871
    1     -0.252977915817     -1.488594363174     -3.139535342544
    1      2.282422576605      3.423311116181     -3.691997838926
    6      1.925412104801      2.201588571022     -5.396324135815
    6      0.793429718854      0.085333706876     -5.053119625215
    1      2.388931114498      2.901667523461     -6.082816114464
    6      1.373863754334      0.980179760786     -5.898075338313
    1      0.396817313381     -0.855636876851     -5.418580744366
    1      1.429928553373      0.767212273296     -6.959232202662
    6      2.009284737461      2.480382834070      5.760011363445
    1      1.513640086962      2.723488697806      6.691980766304
    6      1.993957734291      3.373248134964      4.734179243365
    6      2.676719433198      1.224771756306      5.626020349706
    1      1.491999749379      4.327224859499      4.840583176028
    6      2.636319866708      3.072054659105      3.490073945362
    1      2.683046140582      0.534978316629      6.461754077590
    6      3.303287070134      0.895637875815      4.465655771612
    6      2.628149814932      3.956860765000      2.426214922746
    6      3.306423414087      1.794989837491      3.350602863016
    1      3.814049054182     -0.053687748298      4.364237800648
    1      2.123649244843      4.909885595863      2.530657736506
    6      3.267317291882      3.654830377835      1.205328119468
    6      3.933671118111      1.483067847290      2.156870062269
    6      3.270005749859      4.547142401817      0.129485817961
    6      3.941592630337      2.378697324489      1.066417420448
    1      4.437126079812      0.529367575380      2.053246924209
    1      2.761881952430      5.498169726498      0.232711440479
    6      3.918689157934      4.248492728963     -1.072354145147
    6      4.587585428799      2.078710686133     -0.136263758951
    6      3.928089079013      5.145148170156     -2.161666058831
    6      4.599458676358      2.975563029487     -1.208861373466
    1      5.093969925812      1.126696902881     -0.240158505110
    1      3.415477843045      6.094268314217     -2.061365022526
    6      4.572382180278      4.842019703323     -3.348792020426
    6      5.255255059577      2.682428774261     -2.423001784556
    6      4.576163549099      5.741986021514     -4.463199048390
    6      5.256048913636      3.571927015428     -3.483398504291
    1      5.764269388230      1.731921255875     -2.526014348508
    1      4.058445685109      6.687694866708     -4.364566324652
    6      5.210881669040      5.417486151756     -5.620371196049
    6      5.908434670050      3.276314557038     -4.723625162238
    1      5.205249518807      6.109191339839     -6.454486588479
    6      5.886982674985      4.165921490162     -5.752365429818
    1      6.415791080465      2.325551667461     -4.828271604395
    1      6.379812217505      3.921739247425     -6.685846940570
    0    0
