   3   1   1
  0.787878440037E+01  0.578581344776E+00  0.000000000000E+00
  0.000000000000E+00  0.606000000000E+01  0.000000000000E+00
 -0.592670061426E+01 -0.330132955504E+01  0.145015703632E+02
    2
  0.100000000000E+01  0.000000000000E+00  0.135337788279E-17
 -0.258481892902E-17  0.100000000000E+01 -0.223733260546E-17
  0.000000000000E+00  0.000000000000E+00  0.100000000000E+01
  0.000000000000E+00  0.000000000000E+00  0.000000000000E+00
 -0.100000000000E+01  0.000000000000E+00 -0.135337788279E-17
  0.258481892902E-17 -0.100000000000E+01  0.223733260546E-17
  0.000000000000E+00  0.000000000000E+00 -0.100000000000E+01
  0.000000000000E+00  0.000000000000E+00  0.000000000000E+00
   72
    6     -1.321645535161     -1.012863616061      5.909113613623
    1     -1.385746034632     -0.800009599335      6.970249642591
    6     -0.797526629261     -0.087990011836      5.059529261717
    6     -1.801772897197     -2.263831292238      5.413965441878
    1     -0.450557428798      0.870592087164      5.424835775585
    6     -0.701455837363     -0.346787166658      3.652862630237
    1     -2.222982566547     -2.985642114780      6.104768945202
    6     -1.746588195722     -2.548841629852      4.084486758596
    6     -0.151019783284      0.567415857714      2.770404521277
    6     -1.193885544824     -1.612539871818      3.151100821543
    1     -2.119906717789     -3.492683820617      3.708568929094
    1      0.223267943568      1.510631119711      3.147690712518
    6     -0.065294074025      0.305359281798      1.386163408919
    6     -1.120994580016     -1.881494821585      1.794716791176
    6      0.489737870403      1.222873643327      0.488484882092
    6     -0.567481573118     -0.957750869771      0.882267383631
    1     -1.493098159560     -2.826603144400      1.419168701436
    1      0.865768603331      2.166007012227      0.864859549830
    6      0.567481573118      0.957750869771     -0.882267383631
    6     -0.489737870403     -1.222873643327     -0.488484882092
    6      1.120994580016      1.881494821585     -1.794716791176
    6      0.065294074025     -0.305359281798     -1.386163408919
    1     -0.865768603331     -2.166007012227     -0.864859549830
    1      1.493098159560      2.826603144400     -1.419168701436
    6      1.193885544824      1.612539871818     -3.151100821543
    6      0.151019783284     -0.567415857714     -2.770404521277
    6      1.746588195722      2.548841629852     -4.084486758596
    6      0.701455837363      0.346787166658     -3.652862630237
    1     -0.223267943568     -1.510631119711     -3.147690712518
    1      2.119906717789      3.492683820617     -3.708568929094
    6      1.801772897197      2.263831292238     -5.413965441878
    6      0.797526629261      0.087990011836     -5.059529261717
    1      2.222982566547      2.985642114780     -6.104768945202
    6      1.321645535161      1.012863616061     -5.909113613623
    1      0.450557428798     -0.870592087164     -5.424835775585
    1      1.385746034632      0.800009599335     -6.970249642591
    6      1.901305530708      2.471332474469      5.719475544563
    1      1.384600735739      2.712612427057      6.640228432297
    6      1.908441211337      3.365550889326      4.695018550010
    6      2.580969397704      1.220812523369      5.600845152937
    1      1.400829675379      4.316512381466      4.791578262099
    6      2.585452276376      3.070785720367      3.468189440617
    1      2.569226492967      0.528439156010      6.434279329527
    6      3.245582773726      0.899346833166      4.459295090515
    6      2.597519240597      3.958236254124      2.406585016978
    6      3.270365440642      1.800099875940      3.344889118188
    1      3.770004876915     -0.044586325968      4.372267511403
    1      2.086453844768      4.908255819181      2.502391314813
    6      3.261416601152      3.660401388902      1.198700751399
    6      3.927438122007      1.494370796322      2.165546122330
    6      3.274949131895      4.551890790227      0.121989825633
    6      3.944910094546      2.387875383365      1.073135914617
    1      4.440891837779      0.544610405152      2.072350520960
    1      2.763675318651      5.502018641062      0.218334895269
    6      3.933874305821      4.250705961411     -1.073135914617
    6      4.603835268473      2.086690554549     -0.121989825633
    6      3.951346278360      5.144210548454     -2.165546122330
    6      4.617367799216      2.978179955874     -1.198700751399
    1      5.115109081716      1.136562703714     -0.218334895269
    1      3.437892562588      6.093970939624     -2.072350520960
    6      4.608418959726      4.838481468836     -3.344889118188
    6      5.281265159771      2.680345090652     -2.406585016978
    6      4.633201626642      5.739234511610     -4.459295090515
    6      5.293332123992      3.567795624409     -3.468189440617
    1      5.792330555600      1.730325525595     -2.502391314813
    1      4.108779523452      6.683167670744     -4.372267511403
    6      5.297815002664      5.417768821407     -5.600845152937
    6      5.970343189031      3.273030455451     -4.695018550010
    1      5.309557907400      6.110142188766     -6.434279329527
    6      5.977478869660      4.167248870307     -5.719475544563
    1      6.477954724989      2.322068963310     -4.791578262099
    1      6.494183664629      3.925968917719     -6.640228432297
    2    2
