   3   1   1
  0.787878440037E+01  0.578581344776E+00  0.000000000000E+00
  0.000000000000E+00  0.606000000000E+01  0.000000000000E+00
 -0.592670061426E+01 -0.330132955504E+01  0.145015703632E+02
    2
  0.100000000000E+01  0.000000000000E+00  0.135337788279E-17
 -0.258481892902E-17  0.100000000000E+01 -0.223733260546E-17
  0.000000000000E+00  0.000000000000E+00  0.100000000000E+01
  0.000000000000E+00  0.000000000000E+00  0.000000000000E+00
 -0.100000000000E+01  0.000000000000E+00 -0.135337788279E-17
  0.258481892902E-17 -0.100000000000E+01  0.223733260546E-17
  0.000000000000E+00  0.000000000000E+00 -0.100000000000E+01
  0.000000000000E+00  0.000000000000E+00  0.000000000000E+00
   72
    6     -1.303071097745     -1.112491340496      5.895207264794
    1     -1.388555399454     -0.905213513859      6.956067165411
    6     -0.759096432974     -0.182778266733      5.064198699130
    6     -1.779522983082     -2.356409858527      5.381171358953
    1     -0.415716788284      0.771973985138      5.443016259830
    6     -0.651686838062     -0.423836002871      3.655408358671
    1     -2.215230562961     -3.083892260815      6.055921822652
    6     -1.705537117396     -2.628005647475      4.050087978188
    6     -0.102076291129      0.504486055900      2.787175847310
    6     -1.147800977806     -1.679395754715      3.133258118877
    1     -2.073463572432     -3.567041880253      3.659649752431
    1      0.276463695435      1.440346462457      3.178550500174
    6     -0.035747300082      0.271625760518      1.395722003930
    6     -1.087181006228     -1.922783246581      1.770977977461
    6      0.501505033486      1.210507401913      0.508814094941
    6     -0.548947956785     -0.978560377630      0.870677175987
    1     -1.464593492219     -2.859489234814      1.380294327110
    1      0.886327017445      2.144419333538      0.899941984482
    6      0.548947956785      0.978560377630     -0.870677175987
    6     -0.501505033486     -1.210507401913     -0.508814094941
    6      1.087181006228      1.922783246581     -1.770977977461
    6      0.035747300082     -0.271625760518     -1.395722003930
    1     -0.886327017445     -2.144419333538     -0.899941984482
    1      1.464593492219      2.859489234814     -1.380294327110
    6      1.147800977806      1.679395754715     -3.133258118877
    6      0.102076291129     -0.504486055900     -2.787175847310
    6      1.705537117396      2.628005647475     -4.050087978188
    6      0.651686838062      0.423836002871     -3.655408358671
    1     -0.276463695435     -1.440346462457     -3.178550500174
    1      2.073463572432      3.567041880253     -3.659649752431
    6      1.779522983082      2.356409858527     -5.381171358953
    6      0.759096432974      0.182778266733     -5.064198699130
    1      2.215230562961      3.083892260815     -6.055921822652
    6      1.303071097745      1.112491340496     -5.895207264794
    1      0.415716788284     -0.771973985138     -5.443016259830
    1      1.388555399454      0.905213513859     -6.956067165411
    6      2.137723396233      2.292962929900      5.774202721430
    1      1.652084263008      2.503745575731      6.720796334962
    6      2.094324145335      3.216393846587      4.775887512593
    6      2.813442845161      1.048389127480      5.590030250426
    1      1.584370919084      4.161037577611      4.918552727058
    6      2.720145565464      2.959837598298      3.511767494782
    1      2.826110211855      0.328117810584      6.398754184581
    6      3.432218758953      0.765134644767      4.412516346091
    6      2.677330236243      3.874495051447      2.473124215409
    6      3.410220994742      1.699252268527      3.325978173891
    1      3.949177039369     -0.176197521540      4.275168586307
    1      2.158056926992      4.815171589062      2.612927378395
    6      3.299035837545      3.617454191448      1.231969737109
    6      4.026214256346      1.433333545722      2.113942338886
    6      3.261526971153      4.538978282578      0.179280305806
    6      3.995135719850      2.357900629454      1.046954000684
    1      4.544031115221      0.491107087067      1.975548339630
    1      2.739502321689      5.478782343385      0.319191915992
    6      3.883648680518      4.280680715322     -1.046954000684
    6      4.617257429215      2.099603062198     -0.179280305806
    6      3.852570144021      5.205247799054     -2.113942338886
    6      4.579748562823      3.021127153329     -1.231969737109
    1      5.139282078679      1.159799001391     -0.319191915992
    1      3.334753285147      6.147474257709     -1.975548339630
    6      4.468563405625      4.939329076249     -3.325978173891
    6      5.201454164125      2.764086293329     -2.473124215409
    6      4.446565641414      5.873446700009     -4.412516346091
    6      5.158638834904      3.678743746478     -3.511767494782
    1      5.720727473376      1.823409755715     -2.612927378395
    1      3.929607360999      6.814778866316     -4.275168586307
    6      5.065341555207      5.590192217296     -5.590030250426
    6      5.784460255033      3.422187498189     -4.775887512593
    1      5.052674188512      6.310463534192     -6.398754184581
    6      5.741061004135      4.345618414876     -5.774202721430
    1      6.294413481284      2.477543767165     -4.918552727058
    1      6.226700137360      4.134835769045     -6.720796334962
    2    2
