   3   1   1
  0.787878440037E+01  0.578581344776E+00  0.000000000000E+00
  0.000000000000E+00  0.606000000000E+01  0.000000000000E+00
 -0.592670061426E+01 -0.330132955504E+01  0.145015703632E+02
    1
  0.100000000000E+01  0.000000000000E+00  0.135337788279E-17
 -0.258481892902E-17  0.100000000000E+01 -0.223733260546E-17
  0.000000000000E+00  0.000000000000E+00  0.100000000000E+01
  0.000000000000E+00  0.000000000000E+00  0.000000000000E+00
   72
    6     -1.436762929356     -0.978759037830      5.884817587162
    1     -1.546109089318     -0.749918508646      6.938802008346
    6     -0.848083429910     -0.078697230365      5.050235581084
    6     -1.910741221222     -2.230924501271      5.386059069428
    1     -0.497561539981      0.877272988507      5.420613079890
    6     -0.714831458538     -0.348243430444      3.649140103931
    1     -2.376142977814     -2.935861854519      6.066162627784
    6     -1.784676345848     -2.541726456931      4.066981294306
    6     -0.171100857718      0.572211987150      2.768686660301
    6     -1.200194183820     -1.615567770790      3.143746776030
    1     -2.146146945187     -3.488967809113      3.688345370782
    1      0.197892331674      1.517218650581      3.147892961848
    6     -0.098015404176      0.320559216404      1.381535476864
    6     -1.128070850604     -1.879040625002      1.786725004828
    6      0.452738907845      1.241212801315      0.484826153393
    6     -0.594745917778     -0.943682618808      0.874706124164
    1     -1.497178814314     -2.823788154134      1.407833460949
    1      0.827289489416      2.185246849822      0.861546921130
    6      0.559825439646      0.963956640958     -0.881585212525
    6     -0.520315569073     -1.205800528541     -0.496665979768
    6      1.157611541931      1.868135109111     -1.784700285367
    6      0.059213154001     -0.298901788394     -1.388532901993
    1     -0.893482639905     -2.149815952494     -0.873784292140
    1      1.526000917414      2.814973319328     -1.409042478183
    6      1.267951887489      1.582713014453     -3.134828850625
    6      0.188031915649     -0.580431511253     -2.765921501171
    6      1.826428684598      2.518733222322     -4.062849385562
    6      0.775978342998      0.317862535312     -3.640075565601
    1     -0.189242597076     -1.523060671562     -3.144145329011
    1      2.197499911529      3.461278014022     -3.682750432212
    6      1.864183649316      2.246788036296     -5.395557292879
    6      0.881842992127      0.059737698945     -5.045587838165
    1      2.272228600136      2.978217072363     -6.084375201527
    6      1.387007780466      0.996548571835     -5.894408322695
    1      0.537459867035     -0.899426917623     -5.413519837575
    1      1.439564185209      0.794274216019     -6.957933327527
    6      2.029772332476      2.492872598238      5.768407003687
    1      1.567638429382      2.752915306711      6.713915545571
    6      1.966159693207      3.361527813633      4.722440840641
    6      2.695707595675      1.236408213505      5.633516171670
    1      1.459808897993      4.312858892871      4.827075834418
    6      2.595294202043      3.053383746852      3.473337014658
    1      2.729508773523      0.559809800462      6.479914097153
    6      3.278507895445      0.885533445740      4.455636082186
    6      2.611402049835      3.949360250859      2.418715173591
    6      3.271118571466      1.779427872977      3.336538765219
    1      3.784761462177     -0.065900359821      4.352307428432
    1      2.105671760728      4.901707275212      2.521722971512
    6      3.292115343891      3.666820232145      1.215362982088
    6      3.930914841314      1.482253188520      2.156366440528
    6      3.317136833488      4.569926295999      0.148476811277
    6      3.971565300390      2.393025388296      1.078602447683
    1      4.442000310924      0.532113115832      2.057290087822
    1      2.810809303314      5.522228543133      0.252015505087
    6      3.948661827988      4.262820792771     -1.060169117911
    6      4.634716512427      2.101494580315     -0.117272765636
    6      3.925332802217      5.144333511385     -2.162169680571
    6      4.624256728367      2.987552883797     -1.198826510847
    1      5.142897276696      1.150755719517     -0.220854440502
    1      3.420352074158      6.097013854669     -2.057321858913
    6      4.537077337656      4.826457738808     -3.362856118223
    6      5.238507294480      2.674928260120     -2.430501533710
    6      4.551384374410      5.731881591439     -4.473218737817
    6      5.215023248972      3.553256103175     -3.500135434995
    1      5.746291904115      1.723742935224     -2.534949113502
    1      4.029158093104      6.675482255186     -4.376496696867
    6      5.229869831518      5.429122608955     -5.612875374085
    6      5.880636628966      3.264594235707     -4.735363564961
    1      5.251712151747      6.134022823673     -6.436326568915
    6      5.907470270000      4.178411254330     -5.743969789575
    1      6.383600229079      2.311185700832     -4.841778946005
    1      6.433810559925      3.951165856330     -6.663912161303
    0    0
