   3   1   1
  0.787878440037E+01  0.578581344776E+00  0.000000000000E+00
  0.000000000000E+00  0.606000000000E+01  0.000000000000E+00
 -0.592670061426E+01 -0.330132955504E+01  0.145015703632E+02
    2
  0.100000000000E+01  0.000000000000E+00  0.135337788279E-17
 -0.258481892902E-17  0.100000000000E+01 -0.223733260546E-17
  0.000000000000E+00  0.000000000000E+00  0.100000000000E+01
  0.000000000000E+00  0.000000000000E+00  0.000000000000E+00
 -0.100000000000E+01  0.000000000000E+00 -0.135337788279E-17
  0.258481892902E-17 -0.100000000000E+01  0.223733260546E-17
  0.000000000000E+00  0.000000000000E+00 -0.100000000000E+01
  0.000000000000E+00  0.000000000000E+00  0.000000000000E+00
   72
    6     -1.362502003567     -1.010838061082      5.898254681223
    1     -1.410554872632     -0.810742268087      6.962809545969
    6     -0.867671041829     -0.068863948357      5.048292841800
    6     -1.836068348031     -2.262449929850      5.399409402789
    1     -0.523676824750      0.889752311910      5.417853809491
    6     -0.784724566714     -0.315333355833      3.638611398622
    1     -2.235027397988     -2.997253014358      6.090464377628
    6     -1.805129881098     -2.530375404943      4.065191246640
    6     -0.232612854413      0.600269846519      2.758791500709
    6     -1.271019025974     -1.582373103615      3.133429051650
    1     -2.173074466767     -3.474344967855      3.685458199795
    1      0.142156765925      1.543735683892      3.137826438537
    6     -0.115845328895      0.326777613069      1.379114759729
    6     -1.187457762796     -1.853131054606      1.778596126278
    6      0.479050163902      1.227064912500      0.489849655378
    6     -0.607834481373     -0.940006454448      0.873148386481
    1     -1.550434901800     -2.801595594241      1.402051699470
    1      0.847221245590      2.173915463538      0.866156201501
    6      0.607834481373      0.940006454448     -0.873148386481
    6     -0.479050163902     -1.227064912500     -0.489849655378
    6      1.187457762796      1.853131054606     -1.778596126278
    6      0.115845328895     -0.326777613069     -1.379114759729
    1     -0.847221245590     -2.173915463538     -0.866156201501
    1      1.550434901800      2.801595594241     -1.402051699470
    6      1.271019025974      1.582373103615     -3.133429051650
    6      0.232612854413     -0.600269846519     -2.758791500709
    6      1.805129881098      2.530375404943     -4.065191246640
    6      0.784724566714      0.315333355833     -3.638611398622
    1     -0.142156765925     -1.543735683892     -3.137826438537
    1      2.173074466767      3.474344967855     -3.685458199795
    6      1.836068348031      2.262449929850     -5.399409402789
    6      0.867671041829      0.068863948357     -5.048292841800
    1      2.235027397988      2.997253014358     -6.090464377628
    6      1.362502003567      1.010838061082     -5.898254681223
    1      0.523676824750     -0.889752311910     -5.417853809491
    1      1.410554872632      0.810742268087     -6.962809545969
    6      2.008450131449      2.476698990043      5.758837272540
    1      1.513873174052      2.718902129991      6.691604740609
    6      2.016181197089      3.382010231158      4.743286759915
    6      2.651792121514      1.209461995034      5.613365435956
    1      1.530178618419      4.343623335733      4.857363903806
    6      2.656390093344      3.081512105921      3.497910034635
    1      2.639098867275      0.509090839391      6.440126871042
    6      3.281898908356      0.883317900218      4.454409577399
    6      2.665232217877      3.975580440478      2.441321678243
    6      3.304419823932      1.793831980342      3.348407645677
    1      3.781348991528     -0.071480746719      4.347946351535
    1      2.173701535716      4.935145251070      2.551542316923
    6      3.295170453572      3.669758037373      1.216390460343
    6      3.926351171107      1.480621147766      2.152327553914
    6      3.309079941401      4.567100247710      0.144615042233
    6      3.943232779624      2.381081487749      1.066289905545
    1      4.415970925413      0.520676039655      2.042379447924
    1      2.819869536366      5.527413827013      0.255441521518
    6      3.935551620743      4.257499857027     -1.066289905545
    6      4.569704458966      2.071481097066     -0.144615042233
    6      3.952433229260      5.157960197010     -2.152327553914
    6      4.583613946796      2.968823307403     -1.216390460343
    1      5.058914864001      1.111167517763     -0.255441521518
    1      3.462813474954      6.117905305121     -2.042379447924
    6      4.574364576435      4.844749364434     -3.348407645677
    6      5.213552182491      2.663000904298     -2.441321678243
    6      4.596885492012      5.755263444559     -4.454409577399
    6      5.222394307024      3.557069238856     -3.497910034635
    1      5.705082864652      1.703436093706     -2.551542316923
    1      4.097435408840      6.710062091495     -4.347946351535
    6      5.226992278854      5.429119349742     -5.613365435956
    6      5.862603203279      3.256571113618     -4.743286759915
    1      5.239685533092      6.129490505385     -6.440126871042
    6      5.870334268918      4.161882354733     -5.758837272540
    1      6.348605781949      2.294958009043     -4.857363903806
    1      6.364911226316      3.919679214785     -6.691604740609
    2    2
