   3   1   1
  0.787878440037E+01  0.578581344776E+00  0.000000000000E+00
  0.000000000000E+00  0.606000000000E+01  0.000000000000E+00
 -0.592670061426E+01 -0.330132955504E+01  0.145015703632E+02
    2
  0.100000000000E+01  0.000000000000E+00  0.135337788279E-17
 -0.258481892902E-17  0.100000000000E+01 -0.223733260546E-17
  0.000000000000E+00  0.000000000000E+00  0.100000000000E+01
  0.000000000000E+00  0.000000000000E+00  0.000000000000E+00
 -0.100000000000E+01  0.000000000000E+00 -0.135337788279E-17
  0.258481892902E-17 -0.100000000000E+01  0.223733260546E-17
  0.000000000000E+00  0.000000000000E+00 -0.100000000000E+01
  0.000000000000E+00  0.000000000000E+00  0.000000000000E+00
   72
    6     -1.520699612077     -0.862816269168      5.884018645063
    1     -1.597117875074     -0.638979210806      6.940668170461
    6     -0.970829989063      0.044343337422      5.031624720119
    6     -1.995401887456     -2.121302679039      5.400445003355
    1     -0.619304618732      1.004725920993      5.391116657634
    6     -0.839122963474     -0.242269962885      3.633807310861
    1     -2.433141014989     -2.830186666067      6.094616006660
    6     -1.905567913051     -2.432454031778      4.079742701680
    6     -0.257056482238      0.648157442503      2.747432314163
    6     -1.320345093503     -1.518885030528      3.145317507777
    1     -2.270183284285     -3.383203942882      3.711446050563
    1      0.110671233315      1.599932859686      3.113487790685
    6     -0.121481258095      0.347835244280      1.374346374926
    6     -1.198501386307     -1.824392487532      1.800447312734
    6      0.471549443432      1.236505927943      0.472678038220
    6     -0.605623400639     -0.929078882137      0.885614160702
    1     -1.558586239508     -2.779272238648      1.436581612022
    1      0.834445111876      2.190643468778      0.835389228788
    6      0.605623400639      0.929078882137     -0.885614160702
    6     -0.471549443432     -1.236505927943     -0.472678038220
    6      1.198501386307      1.824392487532     -1.800447312734
    6      0.121481258095     -0.347835244280     -1.374346374926
    1     -0.834445111876     -2.190643468778     -0.835389228788
    1      1.558586239508      2.779272238648     -1.436581612022
    6      1.320345093503      1.518885030528     -3.145317507777
    6      0.257056482238     -0.648157442503     -2.747432314163
    6      1.905567913051      2.432454031778     -4.079742701680
    6      0.839122963474      0.242269962885     -3.633807310861
    1     -0.110671233315     -1.599932859686     -3.113487790685
    1      2.270183284285      3.383203942882     -3.711446050563
    6      1.995401887456      2.121302679039     -5.400445003355
    6      0.970829989063     -0.044343337422     -5.031624720119
    1      2.433141014989      2.830186666067     -6.094616006660
    6      1.520699612077      0.862816269168     -5.884018645063
    1      0.619304618732     -1.004725920993     -5.391116657634
    1      1.597117875074      0.638979210806     -6.940668170461
    6      1.863363066611      2.660079758784      5.738174071832
    1      1.360528006817      2.936585219426      6.657031371912
    6      1.869983319274      3.519121076115      4.681916893009
    6      2.531179319364      1.397477821845      5.656361295328
    1      1.370622150199      4.479216959203      4.750302053365
    6      2.538909787976      3.178871390156      3.461704954871
    1      2.530470810288      0.736250510982      6.517486481487
    6      3.173689162450      1.027098554310      4.516338473911
    6      2.574348919480      4.038518284069      2.376092491893
    6      3.202604639435      1.892299210417      3.373416709551
    1      3.685210730072      0.073396251309      4.453635538993
    1      2.080107329989      5.001374095703      2.443744706619
    6      3.247607178347      3.700394501676      1.182219755826
    6      3.858152183119      1.543167476189      2.204593782213
    6      3.299677750276      4.568034777882      0.086469271106
    6      3.906552152920      2.410885310848      1.091817564910
    1      4.356401521913      0.582573518872      2.139063607105
    1      2.807194105297      5.531271825008      0.153678029597
    6      3.972232247447      4.227696033929     -1.091817564910
    6      4.579106650092      2.070546566894     -0.086469271106
    6      4.020632217249      5.095413868587     -2.204593782213
    6      4.631177222021      2.938186843100     -1.182219755826
    1      5.071590295071      1.107309519768     -0.153678029597
    1      3.522382878455      6.056007825904     -2.139063607105
    6      4.676179760933      4.746282134359     -3.373416709551
    6      5.304435480888      2.600063060707     -2.376092491893
    6      4.705095237918      5.611482790466     -4.516338473911
    6      5.339874612392      3.459709954621     -3.461704954871
    1      5.798677070379      1.637207249073     -2.443744706619
    1      4.193573670296      6.565185093467     -4.453635538993
    6      5.347605081004      5.241103522931     -5.656361295328
    6      6.008801081094      3.119460268661     -4.681916893009
    1      5.348313590080      5.902330833794     -6.517486481487
    6      6.015421333757      3.978501585992     -5.738174071832
    1      6.508162250169      2.159364385573     -4.750302053365
    1      6.518256393551      3.701996125350     -6.657031371912
    2    2
