   3   1   1
  0.787878440037E+01  0.578581344776E+00  0.000000000000E+00
  0.000000000000E+00  0.606000000000E+01  0.000000000000E+00
 -0.592670061426E+01 -0.330132955504E+01  0.145015703632E+02
    1
  0.100000000000E+01  0.000000000000E+00  0.135337788279E-17
 -0.258481892902E-17  0.100000000000E+01 -0.223733260546E-17
  0.000000000000E+00  0.000000000000E+00  0.100000000000E+01
  0.000000000000E+00  0.000000000000E+00  0.000000000000E+00
   72
    6     -1.442015046697     -0.974575988908      5.885232580361
    1     -1.562754394854     -0.742433892554      6.937392815600
    6     -0.843645320376     -0.078912235047      5.051959825758
    6     -1.913261863202     -2.227626126633      5.387014218614
    1     -0.495656267205      0.878519976402      5.420569117013
    6     -0.704760931602     -0.350776611867      3.651699355102
    1     -2.385679666178     -2.930045850109      6.065281401515
    6     -1.781176706357     -2.540391089282      4.069037539993
    6     -0.158725931187      0.567469263780      2.770666423034
    6     -1.197587981197     -1.614700711447      3.145653731652
    1     -2.140553244173     -3.487855581140      3.690037778649
    1      0.217073584796      1.510315323405      3.149063315136
    6     -0.097993203246      0.318475552491      1.381997738959
    6     -1.136692504609     -1.876080904359      1.787294824652
    6      0.446211392346      1.241664191057      0.484143585225
    6     -0.602461033679     -0.942561904694      0.874130513015
    1     -1.513112907338     -2.818791089112      1.409762270532
    1      0.819731621188      2.185985233570      0.860808314686
    6      0.552110323745      0.965077355072     -0.882160823674
    6     -0.526843084572     -1.205349138799     -0.497348547936
    6      1.148989887926      1.871094829754     -1.784130465543
    6      0.059235354931     -0.300985452307     -1.388070639897
    1     -0.901040508132     -2.149077568746     -0.874522898584
    1      1.510066824390      2.819970384350     -1.407113668600
    6      1.270558090111      1.583580073796     -3.132921895003
    6      0.200406842180     -0.585174234623     -2.763941738439
    6      1.829928324089      2.520068589970     -4.060793139874
    6      0.786048869933      0.315329353890     -3.637516314430
    1     -0.170061343954     -1.529963998738     -3.142974975723
    1      2.203093612544      3.462390241994     -3.681058024345
    6      1.861663007336      2.250086410934     -5.394602143694
    6      0.886281101660      0.059522694264     -5.043863593491
    1      2.262691911772      2.984033076773     -6.085256427797
    6      1.381755663125      1.000731620757     -5.893993329496
    1      0.539365139811     -0.898179929728     -5.413563800452
    1      1.422918879673      0.801758832111     -6.959342520273
    6      1.975514317257      2.465009522085      5.746231355616
    1      1.450817574693      2.693481494454      6.666757204291
    6      1.997186368122      3.375277236505      4.734651372815
    6      2.649629174861      1.212626731511      5.614321179689
    1      1.494340405386      4.328594183352      4.840354679657
    6      2.659275197717      3.083790483896      3.498253064890
    1      2.625642750318      0.507848081337      6.437688695198
    6      3.323047263732      0.906424614889      4.473023364573
    6      2.634916856655      3.960534187385      2.427638010114
    6      3.339161758758      1.811508439012      3.362661727526
    1      3.841643991730     -0.038930520916      4.375027690784
    1      2.124987261020      4.910894658365      2.529788313849
    6      3.255354540043      3.649484871950      1.199074989871
    6      3.956181443739      1.494297738542      2.164609336659
    6      3.248169120056      4.537119714223      0.119109596066
    6      3.934260038005      2.375646081713      1.062184430094
    1      4.463454949602      0.542285409602      2.062383841408
    1      2.739217004606      5.487752158170      0.222305813092
    6      3.911356565603      4.245441486188     -1.076587135500
    6      4.565748798996      2.068687998539     -0.146639980846
    6      3.950599404641      5.156378061407     -2.153926784441
    6      4.587495924519      2.970217523602     -1.215114503063
    1      5.071304977988      1.116279334554     -0.250564132497
    1      3.441806712836      6.107186148439     -2.052228105327
    6      4.605120524948      4.858538304844     -3.336733155916
    6      5.262022101300      2.686102196645     -2.421578697188
    6      4.595923742697      5.752772760588     -4.455831455429
    6      5.279004244645      3.583662840218     -3.475219384762
    1      5.765607404407      1.732930318376     -2.526883771165
    1      4.086040622657      6.702452094091     -4.353776434516
    6      5.183791410704      5.405341126961     -5.632070366066
    6      5.911663303881      3.278343658579     -4.723153032787
    1      5.147846128542      6.082061104547     -6.478551970871
    6      5.853212254780      4.150548178177     -5.766145437647
    1      6.418131736471      2.326920991313     -4.828500100766
    1      6.316989705236      3.891732044073     -6.711070502583
    0    0
