   3   1   1
  0.787878440037E+01  0.578581344776E+00  0.000000000000E+00
  0.000000000000E+00  0.606000000000E+01  0.000000000000E+00
 -0.592670061426E+01 -0.330132955504E+01  0.145015703632E+02
    2
  0.100000000000E+01  0.000000000000E+00  0.135337788279E-17
 -0.258481892902E-17  0.100000000000E+01 -0.223733260546E-17
  0.000000000000E+00  0.000000000000E+00  0.100000000000E+01
  0.000000000000E+00  0.000000000000E+00  0.000000000000E+00
 -0.100000000000E+01  0.000000000000E+00 -0.135337788279E-17
  0.258481892902E-17 -0.100000000000E+01  0.223733260546E-17
  0.000000000000E+00  0.000000000000E+00 -0.100000000000E+01
  0.000000000000E+00  0.000000000000E+00  0.000000000000E+00
   72
    6     -1.401984838339     -0.980053294441      5.891459875451
    1     -1.489320780689     -0.761596983257      6.948808670510
    6     -0.849889212586     -0.065409860067      5.049160003919
    6     -1.877134266737     -2.232498147514      5.395610246540
    1     -0.502746165490      0.893515322156      5.415627384084
    6     -0.729150241891     -0.333325817949      3.646993874906
    1     -2.319261398096     -2.946561938838      6.080881682427
    6     -1.790016503693     -2.529808099819      4.071483979664
    6     -0.169813271762      0.577071203721      2.766958506754
    6     -1.215944769271     -1.601498024005      3.144701133476
    1     -2.157443177087     -3.475535917653      3.694113979582
    1      0.199315031134      1.523427371569      3.142881636860
    6     -0.074000050165      0.309921540174      1.384720164659
    6     -1.125561055476     -1.878431061516      1.791838422247
    6      0.479779792768      1.227244964399      0.487150513829
    6     -0.566529929994     -0.957323383460      0.881585275850
    1     -1.493929129302     -2.825511276423      1.416813093511
    1      0.849174143933      2.173660456132      0.862023976794
    6      0.566529929994      0.957323383460     -0.881585275850
    6     -0.479779792768     -1.227244964399     -0.487150513829
    6      1.125561055476      1.878431061516     -1.791838422247
    6      0.074000050165     -0.309921540174     -1.384720164659
    1     -0.849174143933     -2.173660456132     -0.862023976794
    1      1.493929129302      2.825511276423     -1.416813093511
    6      1.215944769271      1.601498024005     -3.144701133476
    6      0.169813271762     -0.577071203721     -2.766958506754
    6      1.790016503693      2.529808099819     -4.071483979664
    6      0.729150241891      0.333325817949     -3.646993874906
    1     -0.199315031134     -1.523427371569     -3.142881636860
    1      2.157443177087      3.475535917653     -3.694113979582
    6      1.877134266737      2.232498147514     -5.395610246540
    6      0.849889212586      0.065409860067     -5.049160003919
    1      2.319261398096      2.946561938838     -6.080881682427
    6      1.401984838339      0.980053294441     -5.891459875451
    1      0.502746165490     -0.893515322156     -5.415627384084
    1      1.489320780689      0.761596983257     -6.948808670510
    6      2.058078114129      2.509310363070      5.779369770046
    1      1.607033779685      2.774360330386      6.729615576731
    6      2.009507337213      3.384862014143      4.738945499550
    6      2.696658682903      1.239060150474      5.633556653262
    1      1.526111155284      4.347809007334      4.852165662664
    6      2.605059370641      3.060388654372      3.476176017123
    1      2.724499540131      0.560436287648      6.478492349800
    6      3.266811312965      0.882035226474      4.450432671669
    6      2.599683904415      3.945630258460      2.412647658135
    6      3.253068297610      1.772695522225      3.328604339396
    1      3.760167130452     -0.075865533779      4.341775065977
    1      2.110201713873      4.905694813616      2.522688002657
    6      3.249359774789      3.648216951423      1.196567214852
    6      3.871110453571      1.455793927041      2.131645996065
    6      3.297206769904      4.561425918220      0.138139907117
    6      3.907955754541      2.364610325597      1.052605424312
    1      4.367775877527      0.498947966526      2.026170833265
    1      2.800062482154      5.517992769318      0.244704178948
    6      3.970828645827      4.273971019180     -1.052605424312
    6      4.581577630463      2.077155426556     -0.138139907117
    6      4.007673946797      5.182787417735     -2.131645996065
    6      4.629424625579      2.990364393353     -1.196567214852
    1      5.078721918214      1.120588575458     -0.244704178948
    1      3.511008522841      6.139633378250     -2.026170833265
    6      4.625716102758      4.865885822551     -3.328604339396
    6      5.279100495953      2.692951086316     -2.412647658135
    6      4.611973087403      5.756546118302     -4.450432671669
    6      5.273725029727      3.578192690404     -3.476176017123
    1      5.768582686494      1.732886531160     -2.522688002657
    1      4.118617269915      6.714446878555     -4.341775065977
    6      5.182125717464      5.399521194302     -5.633556653262
    6      5.869277063155      3.253719330633     -4.738945499550
    1      5.154284860237      6.078145057128     -6.478492349800
    6      5.820706286238      4.129270981706     -5.779369770046
    1      6.352673245083      2.290772337442     -4.852165662664
    1      6.271750620682      3.864221014390     -6.729615576731
    2    2
