   3   1   1
  0.787878440037E+01  0.578581344776E+00  0.000000000000E+00
  0.000000000000E+00  0.606000000000E+01  0.000000000000E+00
 -0.592670061426E+01 -0.330132955504E+01  0.145015703632E+02
    2
  0.100000000000E+01  0.000000000000E+00  0.135337788279E-17
 -0.258481892902E-17  0.100000000000E+01 -0.223733260546E-17
  0.000000000000E+00  0.000000000000E+00  0.100000000000E+01
  0.000000000000E+00  0.000000000000E+00  0.000000000000E+00
 -0.100000000000E+01  0.000000000000E+00 -0.135337788279E-17
  0.258481892902E-17 -0.100000000000E+01  0.223733260546E-17
  0.000000000000E+00  0.000000000000E+00 -0.100000000000E+01
  0.000000000000E+00  0.000000000000E+00  0.000000000000E+00
   72
    6     -1.466189541929     -0.970790412926      5.879870664716
    1     -1.583767804271     -0.739088759232      6.932452101509
    6     -0.903143903363     -0.059136989290      5.041455219362
    6     -1.902697651883     -2.238999004439      5.386675192258
    1     -0.580188312305      0.908436967259      5.407831740052
    6     -0.739008660443     -0.341407986212      3.645432632957
    1     -2.345776371817     -2.954404194231      6.069920368420
    6     -1.775042277210     -2.549648117399      4.067842197983
    6     -0.170554772006      0.567978351952      2.769636891959
    6     -1.199127841719     -1.619694872859      3.143610395790
    1     -2.116794059309     -3.505201195396      3.691744653495
    1      0.188008546333      1.517995813946      3.147381076975
    6     -0.065319174264      0.301650865857      1.387609017737
    6     -1.092650104394     -1.899055223155      1.792012459952
    6      0.474198717379      1.228464241474      0.490031497525
    6     -0.548904947671     -0.968164922668      0.881814736074
    1     -1.447282518340     -2.850656791305      1.415985006494
    1      0.840570746193      2.175663776034      0.866797119309
    6      0.548904947671      0.968164922668     -0.881814736074
    6     -0.474198717379     -1.228464241474     -0.490031497525
    6      1.092650104394      1.899055223155     -1.792012459952
    6      0.065319174264     -0.301650865857     -1.387609017737
    1     -0.840570746193     -2.175663776034     -0.866797119309
    1      1.447282518340      2.850656791305     -1.415985006494
    6      1.199127841719      1.619694872859     -3.143610395790
    6      0.170554772006     -0.567978351952     -2.769636891959
    6      1.775042277210      2.549648117399     -4.067842197983
    6      0.739008660443      0.341407986212     -3.645432632957
    1     -0.188008546333     -1.517995813946     -3.147381076975
    1      2.116794059309      3.505201195396     -3.691744653495
    6      1.902697651883      2.238999004439     -5.386675192258
    6      0.903143903363      0.059136989290     -5.041455219362
    1      2.345776371817      2.954404194231     -6.069920368420
    6      1.466189541929      0.970790412926     -5.879870664716
    1      0.580188312305     -0.908436967259     -5.407831740052
    1      1.583767804271      0.739088759232     -6.932452101509
    6      1.985959128235      2.470530040665      5.752340344894
    1      1.491529755969      2.714060557629      6.684912117510
    6      2.013364743975      3.383622271273      4.743066122258
    6      2.613438551074      1.195363673812      5.601821100509
    1      1.538072360415      4.350655976881      4.859720067877
    6      2.659498495215      3.084380677740      3.500029327245
    1      2.584825002499      0.486771399048      6.422338019011
    6      3.255800228312      0.874157101019      4.447902884710
    6      2.674528914712      3.980059448726      2.444726544877
    6      3.302398556070      1.794211260223      3.349664821418
    1      3.746913610337     -0.084681289414      4.339076900785
    1      2.184711827297      4.940329115098      2.554830297650
    6      3.301466765497      3.672446369212      1.218595355814
    6      3.936110656051      1.485371933454      2.158244795455
    6      3.303464038056      4.564657774066      0.141899418135
    6      3.954129837785      2.385677878510      1.071418470828
    1      4.425533027510      0.524719576068      2.048881570078
    1      2.811055008169      5.523697457991      0.251830411015
    6      3.924654562583      4.252903466267     -1.071418470828
    6      4.575320362311      2.073923570710     -0.141899418135
    6      3.942673744316      5.153209411322     -2.158244795455
    6      4.577317634871      2.966134975565     -1.218595355814
    1      5.067729392198      1.114883886786     -0.251830411015
    1      3.453251372858      6.113861768708     -2.048881570078
    6      4.576385844298      4.844370084553     -3.349664821418
    6      5.204255485656      2.658521896050     -2.444726544877
    6      4.622984172056      5.764424243757     -4.447902884710
    6      5.219285905153      3.554200667036     -3.500029327245
    1      5.694072573071      1.698252229678     -2.554830297650
    1      4.131870790031      6.723262634190     -4.339076900785
    6      5.265345849293      5.443217670965     -5.601821100509
    6      5.865419656393      3.254959073504     -4.743066122258
    1      5.293959397869      6.151809945728     -6.422338019011
    6      5.892825272133      4.168051304111     -5.752340344894
    1      6.340712039953      2.287925367895     -4.859720067877
    1      6.387254644399      3.924520787147     -6.684912117510
    2    2
