   3   1   1
  0.787878440037E+01  0.578581344776E+00  0.000000000000E+00
  0.000000000000E+00  0.606000000000E+01  0.000000000000E+00
 -0.592670061426E+01 -0.330132955504E+01  0.145015703632E+02
    1
  0.100000000000E+01  0.000000000000E+00  0.135337788279E-17
 -0.258481892902E-17  0.100000000000E+01 -0.223733260546E-17
  0.000000000000E+00  0.000000000000E+00  0.100000000000E+01
  0.000000000000E+00  0.000000000000E+00  0.000000000000E+00
   72
    6     -1.447911218900     -0.990135501075      5.877447205223
    1     -1.526427639111     -0.774737623320      6.936464676431
    6     -0.902044846305     -0.071424804945      5.035203514843
    6     -1.922845686378     -2.241688637916      5.378980136221
    1     -0.552605793047      0.885447923906      5.404824787880
    6     -0.784230754706     -0.334460129023      3.631690160364
    1     -2.357456239719     -2.960954017981      6.063649513600
    6     -1.841538281833     -2.532299330579      4.052788744875
    6     -0.219203393007      0.575135713010      2.753843035841
    6     -1.272772078039     -1.600409163531      3.126573317264
    1     -2.205142950202     -3.477841449679      3.673763729743
    1      0.156559775712      1.518361308998      3.132562994359
    6     -0.119744903227      0.309027899260      1.371549153232
    6     -1.182396879773     -1.874430193954      1.772664535274
    6      0.445681939659      1.222785500934      0.477227887726
    6     -0.618486212449     -0.954370626575      0.864803283550
    1     -1.549111618073     -2.820688169691      1.395798356476
    1      0.822277517661      2.166006432144      0.854637462899
    6      0.536085144975      0.953268633191     -0.891488053139
    6     -0.527372537259     -1.224227828922     -0.504264245435
    6      1.103285512762      1.872745540159     -1.798760754920
    6      0.037483654950     -0.310433105538     -1.398519225624
    1     -0.898494611660     -2.169056370172     -0.880693750371
    1      1.474068113655      2.818073303771     -1.421077582656
    6      1.195373993270      1.597871621711     -3.152002309390
    6      0.139929380360     -0.577507785393     -2.780765125631
    6      1.769566748613      2.528160348673     -4.077041934993
    6      0.706579046830      0.331645836733     -3.657525509168
    1     -0.230575153038     -1.521918013145     -3.159475296500
    1      2.138503906514      3.472404373456     -3.697332073251
    6      1.852079184161      2.236023899651     -5.402636226086
    6      0.827881575731      0.067010124366     -5.060619904405
    1      2.290915338231      2.953124908902     -6.086888315711
    6      1.375859490922      0.985172108589     -5.901778704634
    1      0.482415613969     -0.891251982224     -5.429308129584
    1      1.459245635417      0.769455101345     -6.960270659441
    6      2.035665090666      2.466351992674      5.767134080225
    1      1.536128463534      2.703843172496      6.698626847600
    6      2.015450801306      3.361646333884      4.742974152472
    6      2.713385327408      1.216278935601      5.632564459093
    1      1.505093494772      4.311189279032      4.850352837987
    6      2.666735285469      3.070491696440      3.500891341854
    1      2.719376215018      0.522695893273      6.464864997112
    6      3.346431581890      0.895729756293      4.473459615852
    6      2.662228571587      3.960845193623      2.440516026754
    6      3.346960563556      1.798986464198      3.362085096276
    1      3.862016579062     -0.050357694256      4.369516048923
    1      2.151570481376      4.910818068691      2.545601963235
    6      3.311491715791      3.667477671349      1.222371268959
    6      3.982957845350      1.495086645498      2.171106904485
    6      3.319342788642      4.562685692005      0.147552977164
    6      3.989952002309      2.393408949079      1.083808649792
    1      4.490727758696      0.544103904712      2.066085008794
    1      2.810371489807      5.513826294774      0.250397966213
    6      3.967048529907      4.263204353553     -1.054962915802
    6      4.636922467582      2.094253976321     -0.118196599748
    6      3.977375806253      5.157166968364     -2.147429216615
    6      4.643633100267      2.988210323002     -1.191818223976
    1      5.142459463189      1.142353471157     -0.222471979376
    1      3.469079521930      6.109004643549     -2.048526937941
    6      4.612919329747      4.846016330030     -3.337309787166
    6      5.289333816232      2.686413202883     -2.408700680547
    6      4.619308060855      5.742077901993     -4.455395204151
    6      5.286464332398      3.570364052762     -3.472581107799
    1      5.792190624763      1.732853728703     -2.511070121779
    1      4.106413209989      6.691024920751     -4.359288076377
    6      5.247547563251      5.408993331052     -5.613827086662
    6      5.929927737065      3.264712755958     -4.714830253131
    1      5.241579593242      6.096908916484     -6.451375668956
    6      5.913363028190      4.151890648766     -5.745242713038
    1      6.428884825858      2.309516086993     -4.818501942437
    1      6.402300594077      3.902093722114     -6.679200859274
    0    0
