   3   1   1
  0.787878440037E+01  0.578581344776E+00  0.000000000000E+00
  0.000000000000E+00  0.606000000000E+01  0.000000000000E+00
 -0.592670061426E+01 -0.330132955504E+01  0.145015703632E+02
    1
  0.100000000000E+01  0.000000000000E+00  0.135337788279E-17
 -0.258481892902E-17  0.100000000000E+01 -0.223733260546E-17
  0.000000000000E+00  0.000000000000E+00  0.100000000000E+01
  0.000000000000E+00  0.000000000000E+00  0.000000000000E+00
   72
    6     -1.387007780466     -0.996548571835      5.894408322695
    1     -1.439564185209     -0.794274216019      6.957933327527
    6     -0.881842992127     -0.059737698945      5.045587838165
    6     -1.864183649316     -2.246788036296      5.395557292879
    1     -0.537459867035      0.899426917623      5.413519837575
    6     -0.775978342998     -0.317862535312      3.640075565601
    1     -2.272228600136     -2.978217072363      6.084375201527
    6     -1.826428684598     -2.518733222322      4.062849385562
    6     -0.188031915649      0.580431511253      2.765921501171
    6     -1.267951887489     -1.582713014453      3.134828850625
    1     -2.197499911529     -3.461278014022      3.682750432212
    1      0.189242597076      1.523060671562      3.144145329011
    6     -0.059213154001      0.298901788394      1.388532901993
    6     -1.157611541931     -1.868135109111      1.784700285367
    6      0.520315569073      1.205800528541      0.496665979768
    6     -0.559825439646     -0.963956640958      0.881585212525
    1     -1.526000917414     -2.814973319328      1.409042478183
    1      0.893482639905      2.149815952494      0.873784292140
    6      0.594745917778      0.943682618808     -0.874706124164
    6     -0.452738907845     -1.241212801315     -0.484826153393
    6      1.128070850604      1.879040625002     -1.786725004828
    6      0.098015404176     -0.320559216404     -1.381535476864
    1     -0.827289489416     -2.185246849822     -0.861546921130
    1      1.497178814314      2.823788154134     -1.407833460949
    6      1.200194183820      1.615567770790     -3.143746776030
    6      0.171100857718     -0.572211987150     -2.768686660301
    6      1.784676345848      2.541726456931     -4.066981294306
    6      0.714831458538      0.348243430444     -3.649140103931
    1     -0.197892331674     -1.517218650581     -3.147892961848
    1      2.146146945187      3.488967809113     -3.688345370782
    6      1.910741221222      2.230924501271     -5.386059069428
    6      0.848083429910      0.078697230365     -5.050235581084
    1      2.376142977814      2.935861854519     -6.066162627784
    6      1.436762929356      0.978759037830     -5.884817587162
    1      0.497561539981     -0.877272988507     -5.420613079890
    1      1.546109089318      0.749918508646     -6.938802008346
    6      1.971314130368      2.460170090446      5.743969789575
    1      1.444973840443      2.687415488446      6.663912161303
    6      1.998147771402      3.373987109069      4.735363564961
    6      2.648914568850      1.209458735821      5.612875374085
    1      1.495184171289      4.327395643944      4.841778946005
    6      2.663761151396      3.085325241601      3.500135434995
    1      2.627072248620      0.504558521103      6.436326568915
    6      3.327400025958      0.906699753337      4.473218737817
    6      2.640277105888      3.963653084656      2.430501533710
    6      3.341707062711      1.812123605968      3.362856118223
    1      3.849626307264     -0.036900910410      4.376496696867
    1      2.132492496252      4.914838409552      2.534949113502
    6      3.254527672000      3.651028460979      1.198826510847
    6      3.953451598151      1.494247833391      2.162169680571
    6      3.244067887940      4.537086764461      0.117272765636
    6      3.930122572380      2.375760552005      1.060169117911
    1      4.458432326210      0.541567490107      2.057321858913
    1      2.735887123672      5.487825625259      0.220854440502
    6      3.907219099978      4.245555956480     -1.078602447683
    6      4.561647566880      2.068655048778     -0.148476811277
    6      3.947869559053      5.156328156256     -2.156366440528
    6      4.586669056476      2.971761112631     -1.215362982088
    1      5.067975097054      1.116352801643     -0.252015505087
    1      3.436784089443      6.106468228944     -2.057290087822
    6      4.607665828902      4.859153471799     -3.336538765219
    6      5.267382350533      2.689221093917     -2.418715173591
    6      4.600276504923      5.753047899037     -4.455636082186
    6      5.283490198324      3.585197597924     -3.473337014658
    1      5.773112639640      1.736874069564     -2.521722971512
    1      4.094022938191      6.704481704597     -4.352307428432
    6      5.183076804693      5.402173131272     -5.633516171670
    6      5.912624707160      3.277053531143     -4.722440840641
    1      5.149275626845      6.078771544314     -6.479914097153
    6      5.849012067892      4.145708746539     -5.768407003687
    1      6.418975502374      2.325722451905     -4.827075834418
    1      6.311145970986      3.885666038065     -6.713915545571
    0    0
