   3   1   1
  0.787878440037E+01  0.578581344776E+00  0.000000000000E+00
  0.000000000000E+00  0.606000000000E+01  0.000000000000E+00
 -0.592670061426E+01 -0.330132955504E+01  0.145015703632E+02
    2
  0.100000000000E+01  0.000000000000E+00  0.135337788279E-17
 -0.258481892902E-17  0.100000000000E+01 -0.223733260546E-17
  0.000000000000E+00  0.000000000000E+00  0.100000000000E+01
  0.000000000000E+00  0.000000000000E+00  0.000000000000E+00
 -0.100000000000E+01  0.000000000000E+00 -0.135337788279E-17
  0.258481892902E-17 -0.100000000000E+01  0.223733260546E-17
  0.000000000000E+00  0.000000000000E+00 -0.100000000000E+01
  0.000000000000E+00  0.000000000000E+00  0.000000000000E+00
   72
    6     -1.357581167893     -1.004517196739      5.899355245141
    1     -1.401905470257     -0.805103965433      6.964283234364
    6     -0.826782518674     -0.079297940021      5.054368199887
    6     -1.872227218655     -2.238713533128      5.394941170050
    1     -0.454833094711      0.868262938871      5.426301177413
    6     -0.751801141092     -0.324697979544      3.643783036575
    1     -2.302595206133     -2.959674732651      6.080617460892
    6     -1.836062753236     -2.510811561853      4.061988481885
    6     -0.188578001361      0.584665146451      2.764971269513
    6     -1.269018229590     -1.578585912384      3.134965230864
    1     -2.226852797408     -3.445044627738      3.679351149499
    1      0.199126382417      1.522283508197      3.144657213884
    6     -0.091909383913      0.317810138941      1.382459361119
    6     -1.193032288141     -1.848120510958      1.779412830243
    6      0.498855759539      1.218549088382      0.491460635636
    6     -0.605666409753     -0.939474337099      0.874476600615
    1     -1.575897213387     -2.788104682157      1.400890932638
    1      0.880201383127      2.159399026282      0.868534093961
    6      0.605666409753      0.939474337099     -0.874476600615
    6     -0.498855759539     -1.218549088382     -0.491460635636
    6      1.193032288141      1.848120510958     -1.779412830243
    6      0.091909383913     -0.317810138941     -1.382459361119
    1     -0.880201383127     -2.159399026282     -0.868534093961
    1      1.575897213387      2.788104682157     -1.400890932638
    6      1.269018229590      1.578585912384     -3.134965230864
    6      0.188578001361     -0.584665146451     -2.764971269513
    6      1.836062753236      2.510811561853     -4.061988481885
    6      0.751801141092      0.324697979544     -3.643783036575
    1     -0.199126382417     -1.522283508197     -3.144657213884
    1      2.226852797408      3.445044627738     -3.679351149499
    6      1.872227218655      2.238713533128     -5.394941170050
    6      0.826782518674      0.079297940021     -5.054368199887
    1      2.302595206133      2.959674732651     -6.080617460892
    6      1.357581167893      1.004517196739     -5.899355245141
    1      0.454833094711     -0.868262938871     -5.426301177413
    1      1.401905470257      0.805103965433     -6.964283234364
    6      2.015127334609      2.482512648018      5.760036448369
    1      1.521082513856      2.726270237528      6.692915589364
    6      1.950942720634      3.351892651429      4.714738283345
    6      2.731183613451      1.250503275514      5.644570445246
    1      1.416920708868      4.289598559933      4.809134712546
    6      2.599556858225      3.054328310713      3.473443122407
    1      2.771756019644      0.577596922518      6.493902647058
    6      3.350107693091      0.918076098057      4.480951935293
    6      2.577150241010      3.932953886789      2.404490162425
    6      3.310427078107      1.797340218721      3.349730062024
    1      3.887474159104     -0.018119980817      4.389727224515
    1      2.053452429683      4.876216569667      2.501841787365
    6      3.245176250395      3.645402323912      1.195594137120
    6      3.948255783414      1.491129088457      2.160291325644
    6      3.257740683372      4.542355286394      0.123850158777
    6      3.947558034985      2.383108061792      1.067353094767
    1      4.474899609625      0.548961029871      2.065730376656
    1      2.735641418816      5.486356710402      0.221039534574
    6      3.931226365383      4.255473282984     -1.067353094767
    6      4.621043716996      2.096226058382     -0.123850158777
    6      3.930528616954      5.147452256319     -2.160291325644
    6      4.633608149973      2.993179020864     -1.195594137120
    1      5.143142981551      1.152224634374     -0.221039534574
    1      3.403884790743      6.089620314905     -2.065730376656
    6      4.568357322261      4.841241126055     -3.349730062024
    6      5.301634159357      2.705627457987     -2.404490162425
    6      4.528676707277      5.720505246719     -4.480951935293
    6      5.279227542143      3.584253034063     -3.473443122407
    1      5.825331970684      1.762364775110     -2.501841787365
    1      3.991310241264      6.656701325593     -4.389727224515
    6      5.147600786917      5.388078069262     -5.644570445246
    6      5.927841679733      3.286688693347     -4.714738283345
    1      5.107028380723      6.060984422258     -6.493902647058
    6      5.863657065759      4.156068696758     -5.760036448369
    1      6.461863691500      2.348982784843     -4.809134712546
    1      6.357701886512      3.912311107248     -6.692915589364
    2    2
