   3   1   1
  0.787878440037E+01  0.578581344776E+00  0.000000000000E+00
  0.000000000000E+00  0.606000000000E+01  0.000000000000E+00
 -0.592670061426E+01 -0.330132955504E+01  0.145015703632E+02
    1
  0.100000000000E+01  0.000000000000E+00  0.135337788279E-17
 -0.258481892902E-17  0.100000000000E+01 -0.223733260546E-17
  0.000000000000E+00  0.000000000000E+00  0.100000000000E+01
  0.000000000000E+00  0.000000000000E+00  0.000000000000E+00
   72
    6     -1.404466587723     -0.988365018808      5.890149720029
    1     -1.478332343022     -0.773576460483      6.949783569589
    6     -0.857218781834     -0.072230189288      5.046671787327
    6     -1.887117520027     -2.237123273313      5.391792527121
    1     -0.504517652971      0.883931293522      5.414518215068
    6     -0.743895029680     -0.336498653156      3.643152565566
    1     -2.326080109429     -2.953302316756      6.076840967476
    6     -1.809180451002     -2.529828928618      4.066005912587
    6     -0.179955365208      0.572321537433      2.764738579373
    6     -1.236492287596     -1.601244049448      3.138603558640
    1     -2.179640043892     -3.473938418252      3.688372497893
    1      0.195191666216      1.515819023364      3.142434522514
    6     -0.082650346253      0.305746102979      1.382514454110
    6     -1.148345990745     -1.876089428464      1.784863184509
    6      0.480954909452      1.219974824643      0.488363513582
    6     -0.582573066554     -0.957386532414      0.875980058503
    1     -1.519289617070     -2.821366968793      1.408519692284
    1      0.854537584292      2.164221310166      0.865139166684
    6      0.571998290870      0.950252727353     -0.880311278186
    6     -0.492099567466     -1.227038505213     -0.493128619579
    6      1.137336401791      1.871086305649     -1.786562105686
    6      0.074578211924     -0.313714901818     -1.387553924746
    1     -0.866234545028     -2.170841492150     -0.870192046586
    1      1.503890114657      2.817394504669     -1.408356246848
    6      1.231653783713      1.597036735795     -3.139972068014
    6      0.179177408159     -0.580321960970     -2.769869582100
    6      1.801924579445      2.530630750635     -4.063824767280
    6      0.746914771856      0.329607312600     -3.646063103966
    1     -0.191943262535     -1.524460298778     -3.149603768345
    1      2.164006812824      3.476307404883     -3.682723305101
    6      1.887807350511      2.240589264254     -5.389823835186
    6      0.872707640202      0.066204740023     -5.049151631921
    1      2.322291468521      2.960776610127     -6.073696861836
    6      1.419304122099      0.986942590856     -5.889076189828
    1      0.530503754045     -0.892768612608     -5.419614702397
    1      1.507340931506      0.770616264182     -6.946951766284
    6      2.032008297135      2.489359250450      5.770124623902
    1      1.559793713535      2.742567395138      6.712260991448
    6      2.051980114600      3.401095298466      4.759676098449
    6      2.627645618643      1.198534925174      5.603900589546
    1      1.594916737565      4.376896605275      4.886093769094
    6      2.661931607984      3.087251175331      3.501327614197
    1      2.602974963877      0.490099575999      6.424501059182
    6      3.236778261504      0.863832337169      4.436022752970
    6      2.665954372927      3.979356680599      2.443040298853
    6      3.282480459195      1.786333966228      3.339974182977
    1      3.710076954856     -0.103631563253      4.317536626377
    1      2.180719559310      4.941642965516      2.556424076859
    6      3.285120073056      3.669616408193      1.213216179253
    6      3.908443888162      1.475779969928      2.145431400592
    6      3.281031999356      4.558801243784      0.134169277083
    6      3.943616299132      2.385900157168      1.067257245454
    1      4.390927801746      0.512236942408      2.031569326743
    1      2.770955612499      5.508932482279      0.236248717817
    6      3.920712826729      4.255695561642     -1.071514320140
    6      4.598611678296      2.090369528100     -0.131580299829
    6      3.902861849064      5.137860292793     -2.173104720507
    6      4.617261457532      2.990349059846     -1.200973313682
    1      5.103043585881      1.137459658663     -0.236621227772
    1      3.369279564980      6.077137681245     -2.083042619992
    6      4.548439225386      4.833363832060     -3.359420700465
    6      5.293059617572      2.704924689859     -2.406176408449
    6      4.509654740469      5.710180482869     -4.492832067032
    6      5.281660654913      3.587123531653     -3.472144835456
    1      5.821339702697      1.763678625527     -2.500248008155
    1      3.954473585783      6.637751051754     -4.411267498923
    6      5.161807854486      5.391249320624     -5.642490956209
    6      5.966457050359      3.304161720541     -4.698128307154
    1      5.125178342101      6.064312599210     -6.491739606887
    6      5.909706234658      4.174897906543     -5.742252169360
    1      6.518708068651      2.375223413236     -4.782761011329
    1      6.425965844078      3.940817944757     -6.665566715426
    0    0
