   3   1   1
  0.787878440037E+01  0.578581344776E+00  0.000000000000E+00
  0.000000000000E+00  0.606000000000E+01  0.000000000000E+00
 -0.592670061426E+01 -0.330132955504E+01  0.145015703632E+02
    1
  0.100000000000E+01  0.000000000000E+00  0.135337788279E-17
 -0.258481892902E-17  0.100000000000E+01 -0.223733260546E-17
  0.000000000000E+00  0.000000000000E+00  0.100000000000E+01
  0.000000000000E+00  0.000000000000E+00  0.000000000000E+00
   72
    6     -1.560133148277     -0.942271116049      5.875020591179
    1     -1.707902866232     -0.702537719552      6.923279247762
    6     -0.955848146955     -0.045859346137      5.046431789223
    6     -2.007444598637     -2.204361988439      5.376915103867
    1     -0.630387703779      0.919551508395      5.415721153153
    6     -0.754578430521     -0.338951151460      3.655411584935
    1     -2.496056073246     -2.901486256798      6.050455634563
    6     -1.840039651717     -2.527489194841      4.063648158715
    6     -0.145873503278      0.554454741050      2.788376947302
    6     -1.217005888238     -1.615413739098      3.151245301031
    1     -2.184775955325     -3.479791338522      3.682478566023
    1      0.209197165559      1.504730777965      3.168367454509
    6      0.002741407298      0.271055661783      1.412062811452
    6     -1.068628333690     -1.910807766708      1.806344256448
    6      0.584411594873      1.178066945404      0.520003616591
    6     -0.484676335988     -0.996760774445      0.905640089735
    1     -1.421844310834     -2.861532700400      1.427696855720
    1      0.955388286647      2.123204874352      0.896371975516
    6      0.669895021436      0.910878485322     -0.850651246954
    6     -0.388642882045     -1.268946384452     -0.461488516570
    6      1.217054058845      1.836367967405     -1.765081033747
    6      0.159969965475     -0.348405343014     -1.358005567404
    1     -0.765383842673     -2.211857927964     -0.838959237754
    1      1.601335420894      2.777228773062     -1.389179083413
    6      1.251140183071      1.582867046145     -3.127330325623
    6      0.213259270089     -0.598188757354     -2.746231214171
    6      1.771065378729      2.532970484412     -4.066182521152
    6      0.736231371015      0.327154814297     -3.633804084597
    1     -0.177937763191     -1.535548544178     -3.123670836350
    1      2.158870901392      3.470454484613     -3.688617236971
    6      1.767480271901      2.273350549128     -5.404701258440
    6      0.774078275081      0.092575583173     -5.049391630025
    1      2.152315504704      3.012592670084     -6.100082194748
    6      1.263637561545      1.033036493615     -5.904205318678
    1      0.404633703238     -0.857148397735     -5.418411764312
    1      1.277770408295      0.841655005113     -6.973456088111
    6      1.895361216373      2.445401849251      5.703243919479
    1      1.355308771005      2.669995094074      6.616398317760
    6      1.933698262211      3.358707636691      4.694338747064
    6      2.565265100805      1.190865242624      5.574738077020
    1      1.429374973280      4.311903857260      4.794159000833
    6      2.635302869983      3.079782223794      3.475749896996
    1      2.525021706997      0.482238074101      6.394794481909
    6      3.251948648635      0.885522139480      4.440543505672
    6      2.675745728223      3.982596792991      2.427628965204
    6      3.312020533114      1.805866396859      3.342729184564
    1      3.765924189317     -0.062276440210      4.346655176330
    1      2.168896713315      4.934723808707      2.525993300658
    6      3.353152218252      3.694491517015      1.224287326515
    6      3.992151066334      1.514114342065      2.170907438378
    6      3.370996378706      4.593389339498      0.154981090439
    6      4.031269004344      2.419837400355      1.088223412088
    1      4.499505233686      0.561572542467      2.073562571179
    1      2.863236211096      5.544774318735      0.257984583776
    6      4.008365531942      4.289632804829     -1.050548153506
    6      4.688576057645      2.124957623814     -0.110768486473
    6      3.986569027236      5.176194664931     -2.147628682721
    6      4.685293602728      3.015224168668     -1.189902166419
    1      5.195324184478      1.173301495118     -0.214885361813
    1      3.477856996919      6.126473281304     -2.041049375556
    6      4.577979299305      4.852896262691     -3.356665698878
    6      5.302850972868      2.708164802251     -2.421587742098
    6      4.524825127600      5.731870285180     -4.488311314331
    6      5.255031916911      3.579654580117     -3.497722552657
    1      5.809516856703      1.756759468719     -2.530678784357
    1      4.010320820244      6.679106174797     -4.382148948970
    6      5.099427336648      5.383579638075     -5.671653468735
    6      5.848175197970      3.261774058766     -4.763465658538
    1      5.047225085222      6.056451097312     -6.521446184160
    6      5.773059153896      4.130940505343     -5.809132873783
    1      6.353166304366      2.310230665222     -4.874695779590
    1      6.221480901548      3.868245643693     -6.761429389114
    0    0
