   3   1   1
  0.787878440037E+01  0.578581344776E+00  0.000000000000E+00
  0.000000000000E+00  0.606000000000E+01  0.000000000000E+00
 -0.592670061426E+01 -0.330132955504E+01  0.145015703632E+02
    1
  0.100000000000E+01  0.000000000000E+00  0.135337788279E-17
 -0.258481892902E-17  0.100000000000E+01 -0.223733260546E-17
  0.000000000000E+00  0.000000000000E+00  0.100000000000E+01
  0.000000000000E+00  0.000000000000E+00  0.000000000000E+00
   72
    6     -1.314416755561     -0.916821010883      5.589926931906
    1     -1.401034251490     -0.703445066536      6.645812224935
    6     -0.774128281320      0.002877156876      4.746076104917
    6     -1.783886413474     -2.172688262097      5.092184323965
    1     -0.429052798096      0.962070106048      5.113562022422
    6     -0.646824269805     -0.266015169051      3.345613082378
    1     -2.220274833995     -2.888604331668      5.779630190113
    6     -1.706714999260     -2.462763738435      3.768015652368
    6     -0.082379825143      0.642172616300      2.466701261856
    6     -1.131971737305     -1.534591701449      2.840844968236
    1     -2.079127556683     -3.406203199112      3.386664064115
    1      0.278803162448      1.591518658048      2.843121241964
    6      0.029812900621      0.371004972562      1.087794757255
    6     -1.038371819092     -1.809599337468      1.489817238653
    6      0.593447742924      1.285173222961      0.193139623045
    6     -0.467042661440     -0.893641771681      0.581305825769
    1     -1.413246757040     -2.753553993727      1.111679199216
    1      0.958766208803      2.233323289091      0.570928316379
    6      0.687528695984      1.013997488086     -1.174985510919
    6     -0.379606733994     -1.161840106895     -0.788352510116
    6      1.247310573443      1.937576396645     -2.081608051542
    6      0.187041458798     -0.248456032235     -1.682273621602
    1     -0.762005920517     -2.101739513225     -1.164402896890
    1      1.609932974687      2.885207479735     -1.705196739917
    6      1.336174334004      1.663689083794     -3.437730658419
    6      0.276752948224     -0.510470882103     -3.067906899617
    6      1.904390031186      2.597695940818     -4.361815027500
    6      0.843985531731      0.400090796705     -3.943602587154
    1     -0.108331766302     -1.448760664095     -3.448917048895
    1      2.264519300033      3.544042624022     -3.984431738879
    6      1.991038457065      2.305024275469     -5.689432038342
    6      0.955798140717      0.141312086187     -5.349747314331
    1      2.428096743955      3.025474595214     -6.370907639198
    6      1.509353954262      1.058486598782     -6.189298977951
    1      0.605968608920     -0.814629800082     -5.720570895042
    1      1.584639023038      0.840747658129     -7.250923110937
    6      1.766913925243      2.348001058156      6.002635680581
    1      1.208009842714      2.565077652977      6.909106915273
    6      1.813959705387      3.270971697631      4.999884339032
    6      2.448888706024      1.101996823255      5.877463197524
    1      1.294718351549      4.215355882745      5.097407881898
    6      2.536760772613      3.005186019169      3.787995218738
    1      2.390699992367      0.381297757366      6.687614428178
    6      3.162989940667      0.811886150630      4.751091529972
    6      2.565642105112      3.910770766681      2.737951276496
    6      3.227255504751      1.740996134337      3.658630550780
    1      3.685127694546     -0.130572140841      4.652905568614
    1      2.039226074221      4.852970832354      2.834034986931
    6      3.251628672609      3.629575737060      1.535472811224
    6      3.905724471155      1.451697207457      2.482301371446
    6      3.265861615371      4.529748434935      0.462492190533
    6      3.935023664422      2.358835433089      1.400674901922
    1      4.410163890919      0.498926299598      2.379599356864
    1      2.747239345887      5.475700199147      0.561875557543
    6      3.912120192020      4.228630837564     -0.738096663673
    6      4.583441294310      2.061316719251      0.196742613621
    6      3.900142432057      5.113777530322     -1.836234749653
    6      4.583770057085      2.950308388712     -0.878716681710
    1      5.079327319269      1.104227375531      0.089005611954
    1      3.388515654152      6.063827038436     -1.735012589871
    6      4.493214270941      4.788026000168     -3.040764332662
    6      5.192747349757      2.636338775941     -2.111265430806
    6      4.435866419632      5.658234296329     -4.177763290031
    6      5.156489819542      3.505058375491     -3.185477230915
    1      5.679846217608      1.675006492365     -2.222637098083
    1      3.929524325473      6.610810474165     -4.075898556686
    6      4.983050941867      5.294711218705     -5.368928348231
    6      5.728436641145      3.174038119705     -4.457920066571
    1      4.912903370591      5.955510780576     -6.228626237891
    6      5.644611862766      4.033539714248     -5.509741112682
    1      6.218509682634      2.213682690707     -4.571446898525
    1      6.074181973257      3.763328202596     -6.468720791601
    0    0
