   3   1   1
  0.787878440037E+01  0.578581344776E+00  0.000000000000E+00
  0.000000000000E+00  0.606000000000E+01  0.000000000000E+00
 -0.592670061426E+01 -0.330132955504E+01  0.145015703632E+02
    2
  0.100000000000E+01  0.000000000000E+00  0.135337788279E-17
 -0.258481892902E-17  0.100000000000E+01 -0.223733260546E-17
  0.000000000000E+00  0.000000000000E+00  0.100000000000E+01
  0.000000000000E+00  0.000000000000E+00  0.000000000000E+00
 -0.100000000000E+01  0.000000000000E+00 -0.135337788279E-17
  0.258481892902E-17 -0.100000000000E+01  0.223733260546E-17
  0.000000000000E+00  0.000000000000E+00 -0.100000000000E+01
  0.000000000000E+00  0.000000000000E+00  0.000000000000E+00
   72
    6     -1.414602612372     -0.992349162682      5.890719519593
    1     -1.496991331348     -0.780317818879      6.950132847364
    6     -0.867896314956     -0.069468318977      5.053073506750
    6     -1.888228036430     -2.242824848148      5.388192598475
    1     -0.522438036621      0.886851295336      5.427318779513
    6     -0.745013179401     -0.327819916708      3.648368342611
    1     -2.324605863007     -2.963842203553      6.069847963563
    6     -1.804733770193     -2.528452788293      4.061504931977
    6     -0.177800886193      0.581306822378      2.770541099438
    6     -1.232733916702     -1.593451210980      3.140779498504
    1     -2.169336495954     -3.471971082174      3.677008707569
    1      0.196013526855      1.525132292416      3.148629670908
    6     -0.076788264297      0.313737390893      1.387292343834
    6     -1.140917417003     -1.868014701648      1.787738328594
    6      0.487410187146      1.223785464723      0.488780848410
    6     -0.575728749015     -0.949537905752      0.879852256818
    1     -1.509567859367     -2.814250245677      1.411303593830
    1      0.862856800109      2.169250373902      0.860489991066
    6      0.575728749015      0.949537905752     -0.879852256818
    6     -0.487410187146     -1.223785464723     -0.488780848410
    6      1.140917417003      1.868014701648     -1.787738328594
    6      0.076788264297     -0.313737390893     -1.387292343834
    1     -0.862856800109     -2.169250373902     -0.860489991066
    1      1.509567859367      2.814250245677     -1.411303593830
    6      1.232733916702      1.593451210980     -3.140779498504
    6      0.177800886193     -0.581306822378     -2.770541099438
    6      1.804733770193      2.528452788293     -4.061504931977
    6      0.745013179401      0.327819916708     -3.648368342611
    1     -0.196013526855     -1.525132292416     -3.148629670908
    1      2.169336495954      3.471971082174     -3.677008707569
    6      1.888228036430      2.242824848148     -5.388192598475
    6      0.867896314956      0.069468318977     -5.053073506750
    1      2.324605863007      2.963842203553     -6.069847963563
    6      1.414602612372      0.992349162682     -5.890719519593
    1      0.522438036621     -0.886851295336     -5.427318779513
    1      1.496991331348      0.780317818879     -6.950132847364
    6      1.993814313118      2.495497135990      5.749923227663
    1      1.495876328547      2.752445231609      6.677002807024
    6      1.987170423178      3.370262179938      4.710295617156
    6      2.662522461097      1.238409888946      5.632588180373
    1      1.488064852432      4.327900058206      4.795022295242
    6      2.641377317586      3.050052736803      3.479321477351
    1      2.662124356882      0.558069770668      6.476498507669
    6      3.299103396697      0.890177771208      4.481230185022
    6      2.638900006186      3.936412172122      2.419828405320
    6      3.315389894963      1.774121116548      3.351450519611
    1      3.808093891062     -0.062267521892      4.401569272877
    1      2.132966370764      4.888157139235      2.526785479966
    6      3.283412760581      3.642509802568      1.204437948531
    6      3.952216614892      1.466101220615      2.159019311319
    6      3.279392951821      4.552019271649      0.141113537504
    6      3.959296097857      2.367044615462      1.068221518520
    1      4.460826014123      0.515437910832      2.054284555959
    1      2.766811690752      5.498380330762      0.265463595186
    6      3.919488302511      4.271536729314     -1.068221518520
    6      4.599391448547      2.086562073127     -0.141113537504
    6      3.926567785475      5.172480124161     -2.159019311319
    6      4.595371639787      2.996071542208     -1.204437948531
    1      5.111972709616      1.140201014014     -0.265463595186
    1      3.417958386245      6.123143433944     -2.054284555959
    6      4.563394505405      4.864460228228     -3.351450519611
    6      5.239884394182      2.702169172654     -2.419828405320
    6      4.579681003670      5.748403573568     -4.481230185022
    6      5.237407082782      3.588528607973     -3.479321477351
    1      5.745818029604      1.750424205541     -2.526785479966
    1      4.070690509306      6.700848866668     -4.401569272877
    6      5.216261939271      5.400171455830     -5.632588180373
    6      5.891613977190      3.268319164838     -4.710295617156
    1      5.216660043485      6.080511574108     -6.476498507669
    6      5.884970087250      4.143084208786     -5.749923227663
    1      6.390719547936      2.310681286570     -4.795022295242
    1      6.382908071820      3.886136113167     -6.677002807024
    2    2
