   3   1   1
  0.787878440037E+01  0.578581344776E+00  0.000000000000E+00
  0.000000000000E+00  0.606000000000E+01  0.000000000000E+00
 -0.592670061426E+01 -0.330132955504E+01  0.145015703632E+02
    2
  0.100000000000E+01  0.000000000000E+00  0.135337788279E-17
 -0.258481892902E-17  0.100000000000E+01 -0.223733260546E-17
  0.000000000000E+00  0.000000000000E+00  0.100000000000E+01
  0.000000000000E+00  0.000000000000E+00  0.000000000000E+00
 -0.100000000000E+01  0.000000000000E+00 -0.135337788279E-17
  0.258481892902E-17 -0.100000000000E+01  0.223733260546E-17
  0.000000000000E+00  0.000000000000E+00 -0.100000000000E+01
  0.000000000000E+00  0.000000000000E+00  0.000000000000E+00
   72
    6     -1.467355256187     -0.951240396506      5.885143073920
    1     -1.539912576330     -0.733768826443      6.944461270627
    6     -0.924796365594     -0.034247501812      5.038964124779
    6     -1.946503103581     -2.202513208925      5.389505548199
    1     -0.575311053748      0.923642691225      5.405036317719
    6     -0.803998116148     -0.304316407262      3.636020430536
    1     -2.379876604651     -2.919146096012      6.077874514256
    6     -1.869093424493     -2.498091175109      4.063499630286
    6     -0.231021251141      0.601321014412      2.758603439966
    6     -1.290612404929     -1.572328610234      3.134184192687
    1     -2.239314904824     -3.443737307995      3.687982154106
    1      0.136979698905      1.547261396200      3.136580724917
    6     -0.107721357452      0.323005837402      1.379931200023
    6     -1.182577256633     -1.856280413103      1.782452056755
    6      0.476702102204      1.228743769163      0.488223577508
    6     -0.597489787529     -0.944584813744      0.876529299324
    1     -1.547613719856     -2.804236367747      1.406763455143
    1      0.842942410009      2.175879531793      0.864076826072
    6      0.597489787529      0.944584813744     -0.876529299324
    6     -0.476702102204     -1.228743769163     -0.488223577508
    6      1.182577256633      1.856280413103     -1.782452056755
    6      0.107721357452     -0.323005837402     -1.379931200023
    1     -0.842942410009     -2.175879531793     -0.864076826072
    1      1.547613719856      2.804236367747     -1.406763455143
    6      1.290612404929      1.572328610234     -3.134184192687
    6      0.231021251141     -0.601321014412     -2.758603439966
    6      1.869093424493      2.498091175109     -4.063499630286
    6      0.803998116148      0.304316407262     -3.636020430536
    1     -0.136979698905     -1.547261396200     -3.136580724917
    1      2.239314904824      3.443737307995     -3.687982154106
    6      1.946503103581      2.202513208925     -5.389505548199
    6      0.924796365594      0.034247501812     -5.038964124779
    1      2.379876604651      2.919146096012     -6.077874514256
    6      1.467355256187      0.951240396506     -5.885143073920
    1      0.575311053748     -0.923642691225     -5.405036317719
    1      1.539912576330      0.733768826443     -6.944461270627
    6      1.947533607529      2.345876226543      5.719934011621
    1      1.465664952951      2.578506728316      6.662172670990
    6      1.915606664358      3.250976630857      4.704899423725
    6      2.617110547108      1.095053015601      5.563854966191
    1      1.407800011936      4.199412734626      4.827323783678
    6      2.564354693911      2.976102168226      3.456425016531
    1      2.627159947283      0.390776814597      6.386941417758
    6      3.244862936785      0.788747274493      4.398130136360
    6      2.563222492075      3.884024593932      2.411001649096
    6      3.252035218874      1.711336891070      3.301242936510
    1      3.760904519371     -0.155064694521      4.282123300030
    1      2.046592647227      4.828660118904      2.527170987343
    6      3.238264782047      3.620446347319      1.199248266437
    6      3.909431441714      1.435002283891      2.114082057079
    6      3.262493024424      4.542620815801      0.147233376017
    6      3.933670722744      2.358274514885      1.045909325757
    1      4.427676944077      0.490934782897      2.000555431598
    1      2.742520851888      5.485793946379      0.260651132732
    6      3.945113677624      4.280306829891     -1.045909325757
    6      4.616291375943      2.095960528975     -0.147233376017
    6      3.969352958654      5.203579060885     -2.114082057079
    6      4.640519618321      3.018134997457     -1.199248266437
    1      5.136263548479      1.152787398397     -0.260651132732
    1      3.451107456291      6.147646561879     -2.000555431598
    6      4.626749181493      4.927244453706     -3.301242936510
    6      5.315561908293      2.754556750845     -2.411001649096
    6      4.633921463582      5.849834070283     -4.398130136360
    6      5.314429706457      3.662479176550     -3.456425016531
    1      5.832191753141      1.809921225872     -2.527170987343
    1      4.117879880996      6.793646039298     -4.282123300030
    6      5.261673853259      5.543528329176     -5.563854966191
    6      5.963177736010      3.387604713919     -4.704899423725
    1      5.251624453085      6.247804530179     -6.386941417758
    6      5.931250792839      4.292705118233     -5.719934011621
    1      6.470984388432      2.439168610150     -4.827323783678
    1      6.413119447417      4.060074616460     -6.662172670990
    2    2
