   3   1   1
  0.787878440037E+01  0.578581344776E+00  0.000000000000E+00
  0.000000000000E+00  0.606000000000E+01  0.000000000000E+00
 -0.592670061426E+01 -0.330132955504E+01  0.145015703632E+02
    1
  0.100000000000E+01  0.000000000000E+00  0.135337788279E-17
 -0.258481892902E-17  0.100000000000E+01 -0.223733260546E-17
  0.000000000000E+00  0.000000000000E+00  0.100000000000E+01
  0.000000000000E+00  0.000000000000E+00  0.000000000000E+00
   72
    6     -1.276262157186     -0.889093139313      5.472613254238
    1     -1.365097722368     -0.676571153948      6.527375297651
    6     -0.738570467992      0.031098977523      4.627920962138
    6     -1.743341032303     -2.146786446157      4.975286436727
    1     -0.394425483489      0.990928249573      4.994753606692
    6     -0.608234360778     -0.239772862508      3.228570006254
    1     -2.179598341459     -2.861815037630      5.663900848827
    6     -1.668024531243     -2.436353776539      3.651792700441
    6     -0.044335631960      0.667950286273      2.349028699604
    6     -1.092003644421     -1.509323775125      2.724017939140
    1     -2.042841267783     -3.379224213405      3.269664406256
    1      0.312169126962      1.619460343680      2.724550256721
    6      0.072257293197      0.394991187767      0.971438810506
    6     -0.997476729236     -1.784550689356      1.373987417879
    6      0.635302339513      1.309312923034      0.076640007759
    6     -0.423887449653     -0.870084831025      0.465106300481
    1     -1.374749827310     -2.727785767258      0.995511410079
    1      0.997277636205      2.259077871358      0.454768935739
    6      0.730683907771      1.037554428742     -1.291185036208
    6     -0.337752137405     -1.137700406822     -0.904852125402
    6      1.288205663299      1.962625044757     -2.197437872316
    6      0.229485851374     -0.224469817031     -1.798629568350
    1     -0.723494493116     -2.075984930958     -1.280562277531
    1      1.648429904417      2.910975706204     -1.821364529054
    6      1.376142426888      1.688957010117     -3.554557687514
    6      0.314797141407     -0.484693212130     -3.185579461868
    6      1.943080499204      2.624105902714     -4.478037979427
    6      0.882575440758      0.426333103248     -4.060645663278
    1     -0.074965801789     -1.420818978463     -3.567488034138
    1      2.300805588933      3.571021609730     -4.101431396738
    6      2.031583838235      2.330926091410     -5.806329925580
    6      0.991355954045      0.169533906833     -5.467902457111
    1      2.468773236491      3.052263889252     -6.486636980484
    6      1.547508552636      1.086214470351     -6.306612655619
    1      0.640595923527     -0.785771656557     -5.839379310773
    1      1.620575552160      0.867621570717     -7.369360038221
    6      1.675458498518      2.297691112849      6.099108772452
    1      1.091240182522      2.504367735654      6.995302653133
    6      1.748119264580      3.233084398872      5.105961728503
    6      2.361428835973      1.054655531864      5.976997524803
    1      1.223168865725      4.174342570071      5.200352985321
    6      2.500446677692      2.980066930452      3.905924644174
    1      2.278121163793      0.322232477256      6.777451104686
    6      3.108200285261      0.778913696214      4.863307714864
    6      2.542077486237      3.892867206472      2.860611019781
    6      3.196268956459      1.719552368375      3.779564049151
    1      3.633429686382     -0.161564245209      4.765841790875
    1      2.007965999707      4.831322568236      2.953702454462
    6      3.243136897562      3.618087068752      1.664018140277
    6      3.891452501326      1.437388223604      2.608754468351
    6      3.260091272695      4.520448202961      0.591522664730
    6      3.928830735346      2.348830800125      1.530359778593
    1      4.394485156424      0.484084662589      2.505762805278
    1      2.737018891667      5.464220034991      0.689270994521
    6      3.905927262944      4.218626204600     -0.608411787001
    6      4.577670951635      2.052016487277      0.325773087818
    6      3.885870462228      5.099468546469     -1.709781652748
    6      4.575278282038      2.938819720404     -0.750171352658
    1      5.069106865050      1.092747211374      0.216401048932
    1      3.372836919657      6.048985401426     -1.608849141457
    6      4.462227722650      4.766582234207     -2.919830834291
    6      5.169182730882      2.618435215733     -1.988605687521
    6      4.381076764226      5.625261841914     -4.065547105138
    6      5.120175724621      3.479939286775     -3.067547805479
    1      5.648586143094      1.653358228247     -2.102969630552
    1      3.877826317309      6.579818369797     -3.962962334425
    6      4.895591071816      5.247369927315     -5.269394020952
    6      5.662596200338      3.136150820947     -4.351842677099
    1      4.800324542018      5.896445500466     -6.138789561383
    6      5.553156436042      3.983229768942     -5.413268020811
    1      6.146960196810      2.172669378033     -4.468501795102
    1      5.957412313065      3.702618285273     -6.382525053741
    0    0
